TP,FP,FN,precision,recall,F1,corr_reads_mapped,L1_reads_mapped,corr_reads_mapped_div_gene_len,L1_reads_mapped_div_gene_len,percent_correct_predictions,total_number_of_predictions,filter_threshold
15166,35601,3602,0.2987373687631729,0.80807757885763,0.43621197957862945,0.25028833100276526,0.688289074486852,0.23445523583895944,0.6620578613835149,0.2987373687631729,50767,0
836,35601,247,0.022943711062930538,0.7719298245614035,0.04456289978678038,0.20683978107308693,0.5127189220783335,0.1775076966111922,0.489332386128546,0.022943711062930538,36437,5
23,35601,193,0.0006456321580956658,0.10648148148148148,0.0012834821428571429,0.016429918429797186,0.5259829158712713,0.4215654340081112,0.4905898320518365,0.0006456321580956658,35624,10
5,35601,146,0.00014042577093748246,0.033112582781456956,0.00027966552003803457,0.5228343792068413,0.37183165949306557,0.2840844415924179,0.4223618353552687,0.00014042577093748246,35606,15
3,35601,111,8.426019548365353e-05,0.02631578947368421,0.00016798252981689904,0.6025490242570855,0.368051807879115,0.22652928871202935,0.428381397131126,8.426019548365353e-05,35604,20
1,35601,86,2.808830964552553e-05,0.011494252873563218,5.603967609067219e-05,,0.0,,0.0,2.808830964552553e-05,35602,25
0,35601,60,0.0,0.0,0.0,,0.0,,0.0,0.0,35601,30
0,35601,45,0.0,0.0,0.0,,0.0,,0.0,0.0,35601,35
0,35601,33,0.0,0.0,0.0,,0.0,,0.0,0.0,35601,40
0,35601,19,0.0,0.0,0.0,,0.0,,0.0,0.0,35601,45
0,35601,14,0.0,0.0,0.0,,0.0,,0.0,0.0,35601,50
0,35601,12,0.0,0.0,0.0,,0.0,,0.0,0.0,35601,55
0,35601,9,0.0,0.0,0.0,,0.0,,0.0,0.0,35601,60
0,35601,4,0.0,0.0,0.0,,0.0,,0.0,0.0,35601,65
0,35601,3,0.0,0.0,0.0,,0.0,,0.0,0.0,35601,70
0,35601,3,0.0,0.0,0.0,,0.0,,0.0,0.0,35601,75
0,35601,2,0.0,0.0,0.0,,0.0,,0.0,0.0,35601,80
0,35601,1,0.0,0.0,0.0,,0.0,,0.0,0.0,35601,85
0,35601,1,0.0,0.0,0.0,,0.0,,0.0,0.0,35601,90
0,35601,0,0.0,0.0,0.0,,0.0,,0.0,0.0,35601,95
