TP,FP,FN,precision,recall,F1,corr_reads_mapped,L1_reads_mapped,corr_reads_mapped_div_gene_len,L1_reads_mapped_div_gene_len,percent_correct_predictions,total_number_of_predictions,filter_threshold
24235,29173,7835,0.45377097064110244,0.7556906766448395,0.5670464914948876,0.25349742627667793,0.7906707037176328,0.15029757669360652,0.7529453872171581,0.45377097064110244,53408,0
6911,29173,408,0.19152532978605477,0.9442546796010384,0.3184572494988826,0.34926324194397335,0.5300535634765289,0.09730211341274528,0.5083010101813307,0.19152532978605477,36084,5
1527,29173,266,0.04973941368078176,0.8516452872281093,0.09398947465607978,0.2675909178528915,0.49607190513224886,0.035356752007325166,0.4733449585057905,0.04973941368078176,30700,10
323,29173,239,0.010950637374559263,0.5747330960854092,0.021491782553729456,0.0952867693363069,0.5073075248026095,0.08904071928063281,0.48949911368449006,0.010950637374559263,29496,15
63,29173,227,0.002154877548228212,0.21724137931034482,0.004267425320056899,-0.07105829113065752,0.5310171304083895,0.2852078640451498,0.5120450939687418,0.002154877548228212,29236,20
17,29173,212,0.0005823912298732443,0.07423580786026202,0.0011557156939392909,-0.12552072107631204,0.42707296991320454,0.883204877005145,0.38934412261662027,0.0005823912298732443,29190,25
7,29173,193,0.0002398903358464702,0.035,0.0004765146358066713,0.2394787165946471,0.3299663299663299,0.4264627938081989,0.34317690674037116,0.0002398903358464702,29180,30
5,29173,179,0.0001713619850572349,0.02717391304347826,0.00034057625502349975,0.3036452646605921,0.37695567144719694,-0.0016091715543241128,0.4264314755049021,0.0001713619850572349,29178,35
5,29173,166,0.0001713619850572349,0.029239766081871343,0.0003407271116562745,0.3036452646605921,0.37695567144719694,-0.0016091715543241128,0.4264314755049021,0.0001713619850572349,29178,40
3,29173,147,0.00010282423910063066,0.02,0.00020459660369637867,-0.17632358983866553,0.30754871608085965,-0.2605911162074022,0.34555203567362225,0.00010282423910063066,29176,45
2,29173,127,6.855184233076264e-05,0.015503875968992248,0.00013650013650013648,1.0,0.2930700052900723,-1.0,0.3064854727601708,6.855184233076264e-05,29175,50
1,29173,120,3.427709604442312e-05,0.008264462809917356,6.82710360129715e-05,,0.0,,0.0,3.427709604442312e-05,29174,55
0,29173,110,0.0,0.0,0.0,,0.0,,0.0,0.0,29173,60
0,29173,97,0.0,0.0,0.0,,0.0,,0.0,0.0,29173,65
0,29173,91,0.0,0.0,0.0,,0.0,,0.0,0.0,29173,70
0,29173,79,0.0,0.0,0.0,,0.0,,0.0,0.0,29173,75
0,29173,71,0.0,0.0,0.0,,0.0,,0.0,0.0,29173,80
0,29173,62,0.0,0.0,0.0,,0.0,,0.0,0.0,29173,85
0,29173,58,0.0,0.0,0.0,,0.0,,0.0,0.0,29173,90
0,29173,50,0.0,0.0,0.0,,0.0,,0.0,0.0,29173,95
