TP,FP,FN,precision,recall,F1,corr_reads_mapped,L1_reads_mapped,corr_reads_mapped_div_gene_len,L1_reads_mapped_div_gene_len,percent_correct_predictions,total_number_of_predictions,filter_threshold
27295,26361,8284,0.5087035932607723,0.76716602490233,0.6117554771109991,0.2962497436936248,0.762755852498709,0.2769258971258281,0.7321688419088043,0.5087035932607723,53656,0
6187,26361,1724,0.19008848469952072,0.7820755909493111,0.3058404804864183,0.3669660615029046,0.4960364184631951,0.1593292364605094,0.4703722167993392,0.19008848469952072,32548,5
1592,26361,342,0.05695274210281544,0.8231644260599793,0.1065346137116472,0.3970122064070085,0.39517129821358943,0.1632160132853593,0.3737197149610892,0.05695274210281544,27953,10
431,26361,121,0.016086891609435654,0.7807971014492754,0.031524283206553545,0.2789810729741787,0.3883465024006462,0.17712653985389243,0.3684299522245891,0.016086891609435654,26792,15
141,26361,61,0.005320353180892008,0.698019801980198,0.010560215698022768,0.10254799354866279,0.42644703263143835,0.24641292932731484,0.41026754077231276,0.005320353180892008,26502,20
40,26361,36,0.0015150941252225294,0.5263157894736842,0.003021490350115194,-0.11849935501212246,0.44597580179677204,0.479421672346667,0.39868362295047277,0.0015150941252225294,26401,25
17,26361,25,0.0006444764576541057,0.40476190476190477,0.0012869038607115824,-0.2134173216066384,0.5247516309214173,0.6021279334204501,0.4475378216621093,0.0006444764576541057,26378,30
4,26361,16,0.00015171629053669638,0.2,0.00030320257722190637,0.6865144585198794,0.24749622719165867,0.3304514445380595,0.25706391873738416,0.00015171629053669638,26365,35
2,26361,6,7.586390016310739e-05,0.25,0.0001516817716430928,1.0,0.3225806451612903,-1.0,0.35762198169398784,7.586390016310739e-05,26363,40
2,26361,2,7.586390016310739e-05,0.5,0.0001517047824932681,1.0,0.3225806451612903,-1.0,0.35762198169398784,7.586390016310739e-05,26363,45
2,26361,2,7.586390016310739e-05,0.5,0.0001517047824932681,1.0,0.3225806451612903,-1.0,0.35762198169398784,7.586390016310739e-05,26363,50
1,26361,1,3.793338896897049e-05,0.5,7.586102260658473e-05,,0.0,,0.0,3.793338896897049e-05,26362,55
1,26361,1,3.793338896897049e-05,0.5,7.586102260658473e-05,,0.0,,0.0,3.793338896897049e-05,26362,60
1,26361,0,3.793338896897049e-05,1.0,7.586390016310737e-05,,0.0,,0.0,3.793338896897049e-05,26362,65
1,26361,0,3.793338896897049e-05,1.0,7.586390016310737e-05,,0.0,,0.0,3.793338896897049e-05,26362,70
0,26361,0,0.0,0.0,0.0,,0.0,,0.0,0.0,26361,75
0,26361,0,0.0,0.0,0.0,,0.0,,0.0,0.0,26361,80
0,26361,0,0.0,0.0,0.0,,0.0,,0.0,0.0,26361,85
0,26361,0,0.0,0.0,0.0,,0.0,,0.0,0.0,26361,90
0,26361,0,0.0,0.0,0.0,,0.0,,0.0,0.0,26361,95
