TP,FP,FN,precision,recall,F1,corr_reads_mapped,L1_reads_mapped,corr_reads_mapped_div_gene_len,L1_reads_mapped_div_gene_len,percent_correct_predictions,total_number_of_predictions,filter_threshold
12131,38827,8474,0.23805879351622905,0.5887405969424897,0.33902994564230116,0.3417948077324332,0.6480261412910772,0.3429211552123703,0.6398049964640826,0.23805879351622905,50958,0
599,38827,369,0.015193019834626896,0.618801652892562,0.029657869980690203,0.3649828975136612,0.41995784884907494,0.38326369990233594,0.4012780347536734,0.015193019834626896,39426,5
68,38827,9,0.001748296696233449,0.8831168831168831,0.0034896849019809095,0.47634988489441704,0.310587852558731,0.4088113488616797,0.2922248804609253,0.001748296696233449,38895,10
11,38827,1,0.00028322776662032033,0.9166666666666666,0.0005662805662805663,0.5499213084576324,0.23567412167589732,0.7672517015971494,0.22653485539146334,0.00028322776662032033,38838,15
5,38827,1,0.00012875978574371653,0.8333333333333334,0.0002574797878366549,0.13286818618338286,0.30819209039548023,0.6927043401886842,0.30879094448020944,0.00012875978574371653,38832,20
2,38827,0,5.150789358469186e-05,1.0,0.00010301048131647395,1.0,0.04650276348389554,1.0,0.028394064965706595,5.150789358469186e-05,38829,25
0,38827,0,0.0,0.0,0.0,,0.0,,0.0,0.0,38827,30
0,38827,0,0.0,0.0,0.0,,0.0,,0.0,0.0,38827,35
0,38827,0,0.0,0.0,0.0,,0.0,,0.0,0.0,38827,40
0,38827,0,0.0,0.0,0.0,,0.0,,0.0,0.0,38827,45
0,38827,0,0.0,0.0,0.0,,0.0,,0.0,0.0,38827,50
0,38827,0,0.0,0.0,0.0,,0.0,,0.0,0.0,38827,55
0,38827,0,0.0,0.0,0.0,,0.0,,0.0,0.0,38827,60
0,38827,0,0.0,0.0,0.0,,0.0,,0.0,0.0,38827,65
0,38827,0,0.0,0.0,0.0,,0.0,,0.0,0.0,38827,70
0,38827,0,0.0,0.0,0.0,,0.0,,0.0,0.0,38827,75
0,38827,0,0.0,0.0,0.0,,0.0,,0.0,0.0,38827,80
0,38827,0,0.0,0.0,0.0,,0.0,,0.0,0.0,38827,85
0,38827,0,0.0,0.0,0.0,,0.0,,0.0,0.0,38827,90
0,38827,0,0.0,0.0,0.0,,0.0,,0.0,0.0,38827,95
