TP,FP,FN,precision,recall,F1,corr_reads_mapped,L1_reads_mapped,corr_reads_mapped_div_gene_len,L1_reads_mapped_div_gene_len,percent_correct_predictions,total_number_of_predictions,filter_threshold
25071,28496,8110,0.4680306905370844,0.755583014375697,0.578019089777286,0.3375894685784769,0.7803149493796889,0.3060515937196537,0.7574288385493815,0.4680306905370844,53567,0
5627,28496,907,0.16490343756410633,0.8611876339149066,0.27680350247189905,0.4135789866986322,0.5276546387897558,0.44159334229401237,0.5201700362152197,0.16490343756410633,34123,5
1500,28496,68,0.05000666755567409,0.9566326530612245,0.09504498796096818,0.3977156255493122,0.46439484756888544,0.5387197896306553,0.43836677777386385,0.05000666755567409,29996,10
564,28496,7,0.019408121128699243,0.9877408056042032,0.038068239343930346,0.36827201518942165,0.40765331902442525,0.5700207058048151,0.3456759220450569,0.019408121128699243,29060,15
310,28496,1,0.010761646879122405,0.9967845659163987,0.021293402479651058,0.5072116635425592,0.3009180565886028,0.5634825741440078,0.2608966764879196,0.010761646879122405,28806,20
180,28496,1,0.0062770260845306175,0.994475138121547,0.012475309283709326,0.5994517665634439,0.2538031241489378,0.5075325890872632,0.24351479088338185,0.0062770260845306175,28676,25
107,28496,0,0.003740866342691326,1.0,0.007453848833159179,0.5854427365540995,0.22427157513202262,0.6035227893088683,0.21373824983037285,0.003740866342691326,28603,30
65,28496,0,0.002275830678197542,1.0,0.004541326067211625,0.6293599460002696,0.19275692220683813,0.6528784825554016,0.18209569886739874,0.002275830678197542,28561,35
46,28496,0,0.0016116600098101043,1.0,0.0032181334825801032,0.5800317413697516,0.20020891229962268,0.6628439717956303,0.18626588252025467,0.0016116600098101043,28542,40
31,28496,0,0.00108668980264311,1.0,0.0021710203795784018,0.5050512693346058,0.19189982475811002,0.6398367614072652,0.1819735411493315,0.00108668980264311,28527,45
18,28496,0,0.0006312688503892825,1.0,0.0012617412028599468,0.5942197796587788,0.17389858949801323,0.6388703666334222,0.17364316838375926,0.0006312688503892825,28514,50
10,28496,0,0.00035080333964779346,1.0,0.0007013606396409034,0.521507524353686,0.1814154644400277,-0.02943348017830477,0.19009941645863032,0.00035080333964779346,28506,55
5,28496,0,0.00017543244096698363,1.0,0.00035080333964779346,0.34492233614858014,0.24756418415751938,-0.43573041959344155,0.2947427561567798,0.00017543244096698363,28501,60
4,28496,0,0.00014035087719298245,1.0,0.000280662363177098,0.6078557304482815,0.2870384917517675,-0.62991795800523,0.33265575309083006,0.00014035087719298245,28500,65
1,28496,0,3.5091413131206796e-05,1.0,7.01803635342831e-05,,0.0,,0.0,3.5091413131206796e-05,28497,70
1,28496,0,3.5091413131206796e-05,1.0,7.01803635342831e-05,,0.0,,0.0,3.5091413131206796e-05,28497,75
1,28496,0,3.5091413131206796e-05,1.0,7.01803635342831e-05,,0.0,,0.0,3.5091413131206796e-05,28497,80
0,28496,0,0.0,0.0,0.0,,0.0,,0.0,0.0,28496,85
0,28496,0,0.0,0.0,0.0,,0.0,,0.0,0.0,28496,90
0,28496,0,0.0,0.0,0.0,,0.0,,0.0,0.0,28496,95
