TP,FP,FN,precision,recall,F1,corr_reads_mapped,L1_reads_mapped,corr_reads_mapped_div_gene_len,L1_reads_mapped_div_gene_len,percent_correct_predictions,total_number_of_predictions,filter_threshold
15211,36427,7351,0.29456989039079745,0.6741866855775197,0.41,0.30096261577613526,0.5852780013663359,0.3845195730810514,0.5932140682499616,0.29456989039079745,51638,0
211,36427,502,0.005759047982968502,0.2959326788218794,0.011298224947123235,0.34643813905734416,0.4287459100891937,0.49696912149125333,0.41302584030310097,0.005759047982968502,36638,5
5,36427,17,0.00013724198506807203,0.22727272727272727,0.00027431831897734135,-0.20255372789704323,0.38850526609471997,0.9061427603847687,0.28651427397933177,0.00013724198506807203,36432,10
1,36427,2,2.745141100252553e-05,0.3333333333333333,5.4898300897587224e-05,,0.0,,0.0,2.745141100252553e-05,36428,15
0,36427,1,0.0,0.0,0.0,,0.0,,0.0,0.0,36427,20
0,36427,1,0.0,0.0,0.0,,0.0,,0.0,0.0,36427,25
0,36427,0,0.0,0.0,0.0,,0.0,,0.0,0.0,36427,30
0,36427,0,0.0,0.0,0.0,,0.0,,0.0,0.0,36427,35
0,36427,0,0.0,0.0,0.0,,0.0,,0.0,0.0,36427,40
0,36427,0,0.0,0.0,0.0,,0.0,,0.0,0.0,36427,45
0,36427,0,0.0,0.0,0.0,,0.0,,0.0,0.0,36427,50
0,36427,0,0.0,0.0,0.0,,0.0,,0.0,0.0,36427,55
0,36427,0,0.0,0.0,0.0,,0.0,,0.0,0.0,36427,60
0,36427,0,0.0,0.0,0.0,,0.0,,0.0,0.0,36427,65
0,36427,0,0.0,0.0,0.0,,0.0,,0.0,0.0,36427,70
0,36427,0,0.0,0.0,0.0,,0.0,,0.0,0.0,36427,75
0,36427,0,0.0,0.0,0.0,,0.0,,0.0,0.0,36427,80
0,36427,0,0.0,0.0,0.0,,0.0,,0.0,0.0,36427,85
0,36427,0,0.0,0.0,0.0,,0.0,,0.0,0.0,36427,90
0,36427,0,0.0,0.0,0.0,,0.0,,0.0,0.0,36427,95
