TP,FP,FN,precision,recall,F1,corr_reads_mapped,L1_reads_mapped,corr_reads_mapped_div_gene_len,L1_reads_mapped_div_gene_len,percent_correct_predictions,total_number_of_predictions,filter_threshold
13159,38020,7136,0.25711717696711545,0.6483863020448386,0.3682178134706327,0.3648694913549948,0.6791465608076247,0.40536830735702584,0.6622125335328415,0.25711717696711545,51179,0
748,38020,275,0.01929426330994635,0.7311827956989247,0.03759644140634817,0.41500392448195517,0.4582423480061746,0.5309819117661807,0.4177809658213171,0.01929426330994635,38768,5
128,38020,69,0.0033553528363216944,0.649746192893401,0.006676228973790586,0.5685199215339818,0.31366183515417134,0.5561295458759624,0.30126744166348596,0.0033553528363216944,38148,10
33,38020,27,0.0008672115207736578,0.55,0.0017316925983260306,0.24245185578346,0.24748174945302515,0.7028327365631154,0.23761839732883594,0.0008672115207736578,38053,15
14,38020,10,0.0003680917074196771,0.5833333333333334,0.0007357191654842609,0.034088362371472114,0.23871702156153748,0.7545199581567277,0.20569074596684664,0.0003680917074196771,38034,20
1,38020,2,2.6301254569842983e-05,0.3333333333333333,5.259835893120135e-05,,0.0,,0.0,2.6301254569842983e-05,38021,25
0,38020,2,0.0,0.0,0.0,,0.0,,0.0,0.0,38020,30
0,38020,1,0.0,0.0,0.0,,0.0,,0.0,0.0,38020,35
0,38020,0,0.0,0.0,0.0,,0.0,,0.0,0.0,38020,40
0,38020,0,0.0,0.0,0.0,,0.0,,0.0,0.0,38020,45
0,38020,0,0.0,0.0,0.0,,0.0,,0.0,0.0,38020,50
0,38020,0,0.0,0.0,0.0,,0.0,,0.0,0.0,38020,55
0,38020,0,0.0,0.0,0.0,,0.0,,0.0,0.0,38020,60
0,38020,0,0.0,0.0,0.0,,0.0,,0.0,0.0,38020,65
0,38020,0,0.0,0.0,0.0,,0.0,,0.0,0.0,38020,70
0,38020,0,0.0,0.0,0.0,,0.0,,0.0,0.0,38020,75
0,38020,0,0.0,0.0,0.0,,0.0,,0.0,0.0,38020,80
0,38020,0,0.0,0.0,0.0,,0.0,,0.0,0.0,38020,85
0,38020,0,0.0,0.0,0.0,,0.0,,0.0,0.0,38020,90
0,38020,0,0.0,0.0,0.0,,0.0,,0.0,0.0,38020,95
