TP,FP,FN,precision,recall,F1,corr_reads_mapped,L1_reads_mapped,corr_reads_mapped_div_gene_len,L1_reads_mapped_div_gene_len,percent_correct_predictions,total_number_of_predictions,filter_threshold
16155,35477,8444,0.31288735667802914,0.6567340135777877,0.42384331833506056,0.3212646373262725,0.5884472673207669,0.33319660398696993,0.591520600721418,0.31288735667802914,51632,0
318,35477,86,0.00888392233552172,0.7871287128712872,0.017569546120058566,0.17857806908255536,0.4259379226507253,0.26721081248550027,0.4108962823759169,0.00888392233552172,35795,5
8,35477,1,0.00022544737212906862,0.8888888888888888,0.0004507804135910295,0.4322256234011549,0.3513936736611337,0.7369889452529913,0.39962689785468164,0.00022544737212906862,35485,10
2,35477,0,5.637137461597001e-05,1.0,0.00011273639412643387,1.0,0.07450980392156858,1.0,0.07401233223762693,5.637137461597001e-05,35479,15
0,35477,0,0.0,0.0,0.0,,0.0,,0.0,0.0,35477,20
0,35477,0,0.0,0.0,0.0,,0.0,,0.0,0.0,35477,25
0,35477,0,0.0,0.0,0.0,,0.0,,0.0,0.0,35477,30
0,35477,0,0.0,0.0,0.0,,0.0,,0.0,0.0,35477,35
0,35477,0,0.0,0.0,0.0,,0.0,,0.0,0.0,35477,40
0,35477,0,0.0,0.0,0.0,,0.0,,0.0,0.0,35477,45
0,35477,0,0.0,0.0,0.0,,0.0,,0.0,0.0,35477,50
0,35477,0,0.0,0.0,0.0,,0.0,,0.0,0.0,35477,55
0,35477,0,0.0,0.0,0.0,,0.0,,0.0,0.0,35477,60
0,35477,0,0.0,0.0,0.0,,0.0,,0.0,0.0,35477,65
0,35477,0,0.0,0.0,0.0,,0.0,,0.0,0.0,35477,70
0,35477,0,0.0,0.0,0.0,,0.0,,0.0,0.0,35477,75
0,35477,0,0.0,0.0,0.0,,0.0,,0.0,0.0,35477,80
0,35477,0,0.0,0.0,0.0,,0.0,,0.0,0.0,35477,85
0,35477,0,0.0,0.0,0.0,,0.0,,0.0,0.0,35477,90
0,35477,0,0.0,0.0,0.0,,0.0,,0.0,0.0,35477,95
