TP,FP,FN,precision,recall,F1,corr_reads_mapped,L1_reads_mapped,corr_reads_mapped_div_gene_len,L1_reads_mapped_div_gene_len,percent_correct_predictions,total_number_of_predictions,filter_threshold
21917,31564,12101,0.4098090910790748,0.6442765594685167,0.5009657253225751,0.3542440576422302,0.7599204882949079,0.32642958443691117,0.739508176232409,0.4098090910790748,53481,0
4791,31564,2207,0.1317837986521799,0.6846241783366677,0.2210227665905474,0.37466415299222094,0.5811100573331747,0.4146123584946994,0.5694203577940181,0.1317837986521799,36355,5
1070,31564,352,0.03278788993074707,0.7524613220815752,0.06283767911674887,0.35864966990275887,0.5252975118568943,0.5397715822556907,0.4628747042164662,0.03278788993074707,32634,10
449,31564,177,0.014025552119451473,0.7172523961661342,0.02751309782775208,0.47491942973363327,0.3981311310902671,0.5427634873912601,0.33843135250700535,0.014025552119451473,32013,15
257,31564,110,0.008076427516419975,0.7002724795640327,0.015968683981608053,0.6332382944996897,0.30526304820991357,0.5302796840802592,0.26892431208694845,0.008076427516419975,31821,20
164,31564,80,0.005168935955622794,0.6721311475409836,0.010258976604528963,0.66594427351765,0.27325170898156925,0.4726719162624884,0.2540635782516607,0.005168935955622794,31728,25
103,31564,62,0.00325259734108062,0.6242424242424243,0.006471475245036441,0.5978919553582868,0.25780841529640663,0.5934217325938042,0.2282828182902762,0.00325259734108062,31667,30
62,31564,48,0.001960412318978056,0.5636363636363636,0.003907234686160828,0.565410205171781,0.22865618051214787,0.5136078381234173,0.21500832684200546,0.001960412318978056,31626,35
47,31564,37,0.0014868242067634684,0.5595238095238095,0.0029657674712099697,0.5748232071395193,0.20425457459898183,0.5420827124565794,0.19060576442800792,0.0014868242067634684,31611,40
30,31564,21,0.0009495473824143825,0.5882352941176471,0.0018960341286143152,0.5251917794857613,0.21841584235949146,0.5060687728624292,0.20688423115001828,0.0009495473824143825,31594,45
20,31564,13,0.0006332320162107396,0.6060606060606061,0.0012651421703513933,0.4921065817616075,0.2217955417684755,0.4987816088906474,0.21138726775514738,0.0006332320162107396,31584,50
13,31564,10,0.0004116920543433512,0.5652173913043478,0.0008227848101265824,0.4033789061255346,0.2532139008159843,0.49382111354317826,0.25202193565527614,0.0004116920543433512,31577,55
7,31564,8,0.00022172246682081658,0.4666666666666667,0.00044323434432976634,0.28186725738895446,0.3083779646831572,-0.3365115813153102,0.3091925318900712,0.00022172246682081658,31571,60
3,31564,6,9.503595526974372e-05,0.3333333333333333,0.00019001773498859896,-0.9962993249097016,0.24047162780794204,-0.9950802148468916,0.2772419584998325,9.503595526974372e-05,31567,65
0,31564,3,0.0,0.0,0.0,,0.0,,0.0,0.0,31564,70
0,31564,3,0.0,0.0,0.0,,0.0,,0.0,0.0,31564,75
0,31564,2,0.0,0.0,0.0,,0.0,,0.0,0.0,31564,80
0,31564,2,0.0,0.0,0.0,,0.0,,0.0,0.0,31564,85
0,31564,1,0.0,0.0,0.0,,0.0,,0.0,0.0,31564,90
0,31564,0,0.0,0.0,0.0,,0.0,,0.0,0.0,31564,95
