TP,FP,FN,precision,recall,F1,corr_reads_mapped,L1_reads_mapped,corr_reads_mapped_div_gene_len,L1_reads_mapped_div_gene_len,percent_correct_predictions,total_number_of_predictions,filter_threshold
24051,29399,14181,0.44997193638914873,0.6290803515379787,0.5246613293776313,0.2864444394097331,0.7750813739014601,0.2213143323100553,0.7496446977403619,0.44997193638914873,53450,0
5254,29399,1423,0.15161746457738146,0.786880335480006,0.25424631018630534,0.27300600045244405,0.568891284307181,0.1839180002046288,0.5230604638150235,0.15161746457738146,34653,5
1595,29399,122,0.051461573207717624,0.9289458357600466,0.09752071168720003,0.3984910488459847,0.4005994399751359,0.19398231732000723,0.3590372629026817,0.051461573207717624,30994,10
617,29399,14,0.020555703624733475,0.9778129952456418,0.04026495252390119,0.4343662594676021,0.33208528315865504,0.22185980651855564,0.30885883262041264,0.020555703624733475,30016,15
234,29399,3,0.007896601761549623,0.9873417721518988,0.015667894208235687,0.3101491254107005,0.3291032154960484,0.26657389585509006,0.3078031033756479,0.007896601761549623,29633,20
98,29399,1,0.0033223717666203342,0.98989898989899,0.006622516556291391,0.18160315457233,0.3319618825673245,0.23796064437278344,0.3128209096046563,0.0033223717666203342,29497,25
41,29399,1,0.0013926630434782609,0.9761904761904762,0.0027813581168170407,0.06337007531467406,0.3171134167321445,0.36872651711520293,0.27612129228536514,0.0013926630434782609,29440,30
19,29399,1,0.0006458630770276702,0.95,0.0012908485630817312,-0.02622810690446374,0.29772699258477553,0.5879950781033998,0.1979837559460104,0.0006458630770276702,29418,35
10,29399,0,0.00034003196300452245,1.0,0.0006798327611407595,-0.2626967428623174,0.37850483269757484,0.6860082988089289,0.25852805498314746,0.00034003196300452245,29409,40
6,29399,0,0.00020404693079408264,1.0,0.00040801060827581523,-0.42082533547096745,0.4646900269541778,0.7380612676080142,0.40949178246311596,0.00020404693079408264,29405,45
4,29399,0,0.0001360405400809441,1.0,0.0002720440711395246,-0.18889162958637176,0.40761712167172226,0.649684644070637,0.4275360921623329,0.0001360405400809441,29403,50
2,29399,0,6.802489711234312e-05,1.0,0.00013604054008094414,1.0,0.5245614035087718,-1.0,0.5796398446178047,6.802489711234312e-05,29401,55
2,29399,0,6.802489711234312e-05,1.0,0.00013604054008094414,1.0,0.5245614035087718,-1.0,0.5796398446178047,6.802489711234312e-05,29401,60
2,29399,0,6.802489711234312e-05,1.0,0.00013604054008094414,1.0,0.5245614035087718,-1.0,0.5796398446178047,6.802489711234312e-05,29401,65
2,29399,0,6.802489711234312e-05,1.0,0.00013604054008094414,1.0,0.5245614035087718,-1.0,0.5796398446178047,6.802489711234312e-05,29401,70
2,29399,0,6.802489711234312e-05,1.0,0.00013604054008094414,1.0,0.5245614035087718,-1.0,0.5796398446178047,6.802489711234312e-05,29401,75
2,29399,0,6.802489711234312e-05,1.0,0.00013604054008094414,1.0,0.5245614035087718,-1.0,0.5796398446178047,6.802489711234312e-05,29401,80
1,29399,0,3.401360544217687e-05,1.0,6.802489711234311e-05,,0.0,,0.0,3.401360544217687e-05,29400,85
1,29399,0,3.401360544217687e-05,1.0,6.802489711234311e-05,,0.0,,0.0,3.401360544217687e-05,29400,90
0,29399,0,0.0,0.0,0.0,,0.0,,0.0,0.0,29399,95
