TP,FP,FN,precision,recall,F1,corr_reads_mapped,L1_reads_mapped,corr_reads_mapped_div_gene_len,L1_reads_mapped_div_gene_len,percent_correct_predictions,total_number_of_predictions,filter_threshold
14814,36359,4431,0.28948859750258926,0.7697583787996882,0.4207446959584197,0.34288223617295027,0.6717429047208081,0.39335034271263525,0.6561126877561967,0.28948859750258926,51173,0
941,36359,52,0.02522788203753351,0.9476334340382678,0.04914736374794349,0.41897039088528654,0.4256372848762745,0.5515834254052079,0.41305835692459136,0.02522788203753351,37300,5
137,36359,0,0.0037538360368259537,1.0,0.007479594900772529,0.5421288398983872,0.2984802431610942,0.5272341927704468,0.29786157259057505,0.0037538360368259537,36496,10
31,36359,0,0.0008518823852706787,1.0,0.0017023145987205182,0.29839931406777614,0.2336061669683225,0.6137980901961076,0.21470257358170924,0.0008518823852706787,36390,15
11,36359,0,0.0003024470717624416,1.0,0.0006047112503779446,0.27414715357722125,0.2506030935149709,-0.08750296159959545,0.24182940684059145,0.0003024470717624416,36370,20
1,36359,0,2.7502750275027502e-05,1.0,5.500398778911471e-05,,0.0,,0.0,2.7502750275027502e-05,36360,25
0,36359,0,0.0,0.0,0.0,,0.0,,0.0,0.0,36359,30
0,36359,0,0.0,0.0,0.0,,0.0,,0.0,0.0,36359,35
0,36359,0,0.0,0.0,0.0,,0.0,,0.0,0.0,36359,40
0,36359,0,0.0,0.0,0.0,,0.0,,0.0,0.0,36359,45
0,36359,0,0.0,0.0,0.0,,0.0,,0.0,0.0,36359,50
0,36359,0,0.0,0.0,0.0,,0.0,,0.0,0.0,36359,55
0,36359,0,0.0,0.0,0.0,,0.0,,0.0,0.0,36359,60
0,36359,0,0.0,0.0,0.0,,0.0,,0.0,0.0,36359,65
0,36359,0,0.0,0.0,0.0,,0.0,,0.0,0.0,36359,70
0,36359,0,0.0,0.0,0.0,,0.0,,0.0,0.0,36359,75
0,36359,0,0.0,0.0,0.0,,0.0,,0.0,0.0,36359,80
0,36359,0,0.0,0.0,0.0,,0.0,,0.0,0.0,36359,85
0,36359,0,0.0,0.0,0.0,,0.0,,0.0,0.0,36359,90
0,36359,0,0.0,0.0,0.0,,0.0,,0.0,0.0,36359,95
