TP,FP,FN,precision,recall,F1,corr_reads_mapped,L1_reads_mapped,corr_reads_mapped_div_gene_len,L1_reads_mapped_div_gene_len,percent_correct_predictions,total_number_of_predictions,filter_threshold
19741,33403,13072,0.37146244166792114,0.601621308627678,0.45932268459811304,0.34895606121043454,0.7504126707990944,0.2880886647268053,0.7216994845626737,0.37146244166792114,53144,0
5333,33403,2720,0.1376755472945064,0.6622376754004718,0.22795956314518367,0.41701148403344535,0.5025295774695075,0.32146501818507756,0.49259879696902886,0.1376755472945064,38736,5
1377,33403,282,0.03959171937895342,0.8300180831826401,0.07557836384093966,0.36416253797395975,0.44894782821187396,0.385077111704005,0.4117759466592585,0.03959171937895342,34780,10
457,33403,46,0.013496751329001772,0.9085487077534792,0.02659837616040509,0.40621760579876554,0.37007057746813343,0.46382436935496224,0.336450800970415,0.013496751329001772,33860,15
187,33403,14,0.005567133075320036,0.9303482587064676,0.011068035867538694,0.5408678582996995,0.2916605856130155,0.5393529702593066,0.2716873780454216,0.005567133075320036,33590,20
102,33403,4,0.0030443217430234292,0.9622641509433962,0.006069441551872899,0.6184507611213025,0.2733999672975763,0.5891623262475368,0.26228725382762935,0.0030443217430234292,33505,25
54,33403,2,0.0016140120154227815,0.9642857142857143,0.0032226300241697254,0.5255103031566919,0.26348944827902515,0.5175109932099483,0.2686522383343227,0.0016140120154227815,33457,30
34,33403,1,0.0010168376349552891,0.9714285714285714,0.0020315487571701723,0.4682066598021173,0.2559199574159113,0.545799210098219,0.2760012108580399,0.0010168376349552891,33437,35
24,33403,1,0.0007179824692613756,0.96,0.0014348917852445295,0.3583829717324844,0.267252634230301,0.6370061361065582,0.28916692757325174,0.0007179824692613756,33427,40
14,33403,0,0.00041894843941706316,1.0,0.0008375459902485717,0.41859168400874897,0.25409984809713626,0.7281337519131277,0.2859259919717232,0.00041894843941706316,33417,45
5,33403,0,0.0001496647509578544,1.0,0.0002992847095441894,0.37389622089249663,0.28776978417266186,0.6175845650058658,0.3935512733344607,0.0001496647509578544,33408,50
2,33403,0,5.98712767549768e-05,1.0,0.0001197353847995929,-1.0,0.16260162601626016,0.9999999999999999,0.08887649495050948,5.98712767549768e-05,33405,55
2,33403,0,5.98712767549768e-05,1.0,0.0001197353847995929,-1.0,0.16260162601626016,0.9999999999999999,0.08887649495050948,5.98712767549768e-05,33405,60
0,33403,0,0.0,0.0,0.0,,0.0,,0.0,0.0,33403,65
0,33403,0,0.0,0.0,0.0,,0.0,,0.0,0.0,33403,70
0,33403,0,0.0,0.0,0.0,,0.0,,0.0,0.0,33403,75
0,33403,0,0.0,0.0,0.0,,0.0,,0.0,0.0,33403,80
0,33403,0,0.0,0.0,0.0,,0.0,,0.0,0.0,33403,85
0,33403,0,0.0,0.0,0.0,,0.0,,0.0,0.0,33403,90
0,33403,0,0.0,0.0,0.0,,0.0,,0.0,0.0,33403,95
