TP,FP,FN,precision,recall,F1,corr_reads_mapped,L1_reads_mapped,corr_reads_mapped_div_gene_len,L1_reads_mapped_div_gene_len,percent_correct_predictions,total_number_of_predictions,filter_threshold
27422,26299,10338,0.5104521509279425,0.7262182203389831,0.5995124670696648,0.36136462972899136,0.6332182663709259,0.27465437131902526,0.6219331458564122,0.5104521509279425,53721,0
5429,26299,878,0.17111069087241554,0.8607895988584113,0.285473905613251,0.3090045869795226,0.47012509353698784,0.11535636264916965,0.46034196028692276,0.17111069087241554,31728,5
674,26299,158,0.02498795091387684,0.8100961538461539,0.04848048912066175,0.18680761249302832,0.4206402780188675,0.17104228757633566,0.39895148898027316,0.02498795091387684,26973,10
107,26299,85,0.004052109369082784,0.5572916666666666,0.008045717723137079,0.06257996931108334,0.4910429484284363,0.3856165357175847,0.43116847832070926,0.004052109369082784,26406,15
18,26299,56,0.0006839685374472774,0.24324324324324326,0.001364101398203933,0.045038721147195135,0.6099072405016285,0.6167954436636925,0.5902365371037447,0.0006839685374472774,26317,20
8,26299,30,0.00030410156992435476,0.21052631578947367,0.0006073258682862024,0.7373579031195232,0.2647603292764583,0.9013947351391466,0.34906994072495645,0.00030410156992435476,26307,25
4,26299,15,0.00015207390791924875,0.21052631578947367,0.0003039282729275891,0.8946319897276104,0.15223606289565042,0.5474039549043265,0.1959416372851525,0.00015207390791924875,26303,30
3,26299,11,0.00011405976731807467,0.21428571428571427,0.00022799817601459188,0.8756969969183247,0.08036703053314348,0.9081046728219985,0.0810311909176234,0.00011405976731807467,26302,35
3,26299,7,0.00011405976731807467,0.3,0.00022803283672848888,0.8756969969183247,0.08036703053314348,0.9081046728219985,0.0810311909176234,0.00011405976731807467,26302,40
2,26299,4,7.604273601764191e-05,0.3333333333333333,0.00015205078496217735,1.0,0.02447063072824962,-1.0,0.02448113030096466,7.604273601764191e-05,26301,45
2,26299,2,7.604273601764191e-05,0.5,0.00015206234556168027,1.0,0.02447063072824962,-1.0,0.02448113030096466,7.604273601764191e-05,26301,50
0,26299,1,0.0,0.0,0.0,,0.0,,0.0,0.0,26299,55
0,26299,0,0.0,0.0,0.0,,0.0,,0.0,0.0,26299,60
0,26299,0,0.0,0.0,0.0,,0.0,,0.0,0.0,26299,65
0,26299,0,0.0,0.0,0.0,,0.0,,0.0,0.0,26299,70
0,26299,0,0.0,0.0,0.0,,0.0,,0.0,0.0,26299,75
0,26299,0,0.0,0.0,0.0,,0.0,,0.0,0.0,26299,80
0,26299,0,0.0,0.0,0.0,,0.0,,0.0,0.0,26299,85
0,26299,0,0.0,0.0,0.0,,0.0,,0.0,0.0,26299,90
0,26299,0,0.0,0.0,0.0,,0.0,,0.0,0.0,26299,95
