TP,FP,FN,precision,recall,F1,corr_reads_mapped,L1_reads_mapped,corr_reads_mapped_div_gene_len,L1_reads_mapped_div_gene_len,percent_correct_predictions,total_number_of_predictions,filter_threshold
28174,25523,15493,0.5246848054826154,0.6452011816703689,0.5787354669076866,0.3722385884360025,0.6297276902447551,0.2503029893646953,0.623133520484517,0.5246848054826154,53697,0
4480,25523,1756,0.149318401493184,0.718409236690186,0.24724744060266562,0.363915540139334,0.43806381031645303,0.1332455815861438,0.4341936083993042,0.149318401493184,30003,5
503,25523,114,0.019326827019134712,0.8152350081037277,0.037758510678226935,0.22934514060144834,0.3881791257765185,0.19688698729276338,0.38124878206608814,0.019326827019134712,26026,10
64,25523,10,0.0025012701762613825,0.8648648648648649,0.004988114258992245,0.09098530751782323,0.4571931714314415,0.4439910382389522,0.41978388649371245,0.0025012701762613825,25587,15
9,25523,5,0.00035249882500391666,0.6428571428571429,0.0007046112894386597,0.25553130996481527,0.43474411671710556,0.8383522266238118,0.4464308028121313,0.00035249882500391666,25532,20
5,25523,3,0.00019586336571607646,0.625,0.00039160401002506263,0.9408896746707752,0.29018030513176146,0.6728886368851423,0.34868595157269805,0.00019586336571607646,25528,25
3,25523,2,0.00011752722714095432,0.6,0.00023500842113509068,0.6427798596534232,0.14144659139226157,0.7759661013795043,0.14340093374302448,0.00011752722714095432,25526,30
3,25523,0,0.00011752722714095432,1.0,0.00023502683223001293,0.6427798596534232,0.14144659139226157,0.7759661013795043,0.14340093374302448,0.00011752722714095432,25526,35
2,25523,0,7.835455435847208e-05,1.0,0.00015669683080659692,-1.0,0.1507618283881315,-1.0,0.15025430068882267,7.835455435847208e-05,25525,40
1,25523,0,3.9178812098417176e-05,1.0,7.835455435847209e-05,,0.0,,0.0,3.9178812098417176e-05,25524,45
0,25523,0,0.0,0.0,0.0,,0.0,,0.0,0.0,25523,50
0,25523,0,0.0,0.0,0.0,,0.0,,0.0,0.0,25523,55
0,25523,0,0.0,0.0,0.0,,0.0,,0.0,0.0,25523,60
0,25523,0,0.0,0.0,0.0,,0.0,,0.0,0.0,25523,65
0,25523,0,0.0,0.0,0.0,,0.0,,0.0,0.0,25523,70
0,25523,0,0.0,0.0,0.0,,0.0,,0.0,0.0,25523,75
0,25523,0,0.0,0.0,0.0,,0.0,,0.0,0.0,25523,80
0,25523,0,0.0,0.0,0.0,,0.0,,0.0,0.0,25523,85
0,25523,0,0.0,0.0,0.0,,0.0,,0.0,0.0,25523,90
0,25523,0,0.0,0.0,0.0,,0.0,,0.0,0.0,25523,95
