TP,FP,FN,precision,recall,F1,corr_reads_mapped,L1_reads_mapped,corr_reads_mapped_div_gene_len,L1_reads_mapped_div_gene_len,percent_correct_predictions,total_number_of_predictions,filter_threshold
14149,37170,7567,0.27570685321226057,0.6515472462700314,0.38745806804956523,0.2785257933388257,0.6713297419152571,0.2645511020772168,0.651811668319598,0.27570685321226057,51319,0
945,37170,94,0.024793388429752067,0.9095283926852743,0.048270930173162384,0.3850776899593941,0.4007847383953335,0.3808638264431206,0.3768892354342931,0.024793388429752067,38115,5
81,37170,1,0.002174438270113554,0.9878048780487805,0.004339324458254091,0.3007341122661179,0.3084549338758901,0.47402170511676955,0.3114002642997122,0.002174438270113554,37251,10
12,37170,0,0.00032273680813296756,1.0,0.0006452653653815132,-0.4223701703090662,0.2825476577508497,0.8445379593682651,0.2582107606466564,0.00032273680813296756,37182,15
2,37170,0,5.3803938448294416e-05,1.0,0.00010760208748049712,,0.5925925925925926,-1.0,0.6466286867165305,5.3803938448294416e-05,37172,20
0,37170,0,0.0,0.0,0.0,,0.0,,0.0,0.0,37170,25
0,37170,0,0.0,0.0,0.0,,0.0,,0.0,0.0,37170,30
0,37170,0,0.0,0.0,0.0,,0.0,,0.0,0.0,37170,35
0,37170,0,0.0,0.0,0.0,,0.0,,0.0,0.0,37170,40
0,37170,0,0.0,0.0,0.0,,0.0,,0.0,0.0,37170,45
0,37170,0,0.0,0.0,0.0,,0.0,,0.0,0.0,37170,50
0,37170,0,0.0,0.0,0.0,,0.0,,0.0,0.0,37170,55
0,37170,0,0.0,0.0,0.0,,0.0,,0.0,0.0,37170,60
0,37170,0,0.0,0.0,0.0,,0.0,,0.0,0.0,37170,65
0,37170,0,0.0,0.0,0.0,,0.0,,0.0,0.0,37170,70
0,37170,0,0.0,0.0,0.0,,0.0,,0.0,0.0,37170,75
0,37170,0,0.0,0.0,0.0,,0.0,,0.0,0.0,37170,80
0,37170,0,0.0,0.0,0.0,,0.0,,0.0,0.0,37170,85
0,37170,0,0.0,0.0,0.0,,0.0,,0.0,0.0,37170,90
0,37170,0,0.0,0.0,0.0,,0.0,,0.0,0.0,37170,95
