TP,FP,FN,precision,recall,F1,corr_reads_mapped,L1_reads_mapped,corr_reads_mapped_div_gene_len,L1_reads_mapped_div_gene_len,percent_correct_predictions,total_number_of_predictions,filter_threshold
20984,32035,9182,0.3957826439578264,0.6956175827090102,0.5045140349822684,0.3279621731844823,0.7342819626399373,0.2303210792129181,0.6985964995876075,0.3957826439578264,53019,0
7666,32035,1656,0.19309337296289766,0.8223557176571551,0.3127511576198927,0.4648933288481211,0.44335685372075556,0.12509227248386126,0.43922685690279073,0.19309337296289766,39701,5
2381,32035,202,0.06918293816829382,0.9217963608207511,0.12870618124814187,0.4496892382030267,0.3779366734451059,0.1408690748817247,0.3713483820568202,0.06918293816829382,34416,10
660,32035,33,0.02018657287046949,0.9523809523809523,0.03953516233377261,0.3110940133238636,0.35269724114468926,0.11004508852366587,0.34177282704677947,0.02018657287046949,32695,15
199,32035,10,0.006173605509710244,0.9521531100478469,0.012267669451037204,0.1692487022193193,0.339689143018333,0.08358613546387142,0.3290352930677504,0.006173605509710244,32234,20
68,32035,2,0.0021181821013612433,0.9714285714285714,0.004227146986603673,0.03138661010061374,0.37303869624992525,0.17299821097847837,0.35603488775232767,0.0021181821013612433,32103,25
29,32035,2,0.0009044411177644711,0.9354838709677419,0.0018071350677675653,-0.03757405697248553,0.39974275767295026,0.2822495234603928,0.3759950123108273,0.0009044411177644711,32064,30
10,32035,2,0.0003120611639881417,0.8333333333333334,0.000623888698256231,-0.03585219917599402,0.41415196222811296,0.5634427820635735,0.3984652631930474,0.0003120611639881417,32045,35
3,32035,0,9.363880392034459e-05,1.0,0.00018726007303142847,0.1972745024009928,0.3756487025948104,0.2108724234556869,0.4339453195205924,9.363880392034459e-05,32038,40
2,32035,0,6.242781783562755e-05,1.0,0.00012484784169293674,1.0,0.07133520074696542,0.9999999999999998,0.07571941491286788,6.242781783562755e-05,32037,45
1,32035,0,3.1214883256336624e-05,1.0,6.242781783562755e-05,,0.0,,0.0,3.1214883256336624e-05,32036,50
1,32035,0,3.1214883256336624e-05,1.0,6.242781783562755e-05,,0.0,,0.0,3.1214883256336624e-05,32036,55
1,32035,0,3.1214883256336624e-05,1.0,6.242781783562755e-05,,0.0,,0.0,3.1214883256336624e-05,32036,60
1,32035,0,3.1214883256336624e-05,1.0,6.242781783562755e-05,,0.0,,0.0,3.1214883256336624e-05,32036,65
1,32035,0,3.1214883256336624e-05,1.0,6.242781783562755e-05,,0.0,,0.0,3.1214883256336624e-05,32036,70
1,32035,0,3.1214883256336624e-05,1.0,6.242781783562755e-05,,0.0,,0.0,3.1214883256336624e-05,32036,75
1,32035,0,3.1214883256336624e-05,1.0,6.242781783562755e-05,,0.0,,0.0,3.1214883256336624e-05,32036,80
0,32035,0,0.0,0.0,0.0,,0.0,,0.0,0.0,32035,85
0,32035,0,0.0,0.0,0.0,,0.0,,0.0,0.0,32035,90
0,32035,0,0.0,0.0,0.0,,0.0,,0.0,0.0,32035,95
