TP,FP,FN,precision,recall,F1,corr_reads_mapped,L1_reads_mapped,corr_reads_mapped_div_gene_len,L1_reads_mapped_div_gene_len,percent_correct_predictions,total_number_of_predictions,filter_threshold
30743,22898,6011,0.5731250349546056,0.8364531751646079,0.6801924885225953,0.2946508074382063,0.7864005075626698,0.27338425519017,0.7456338560084217,0.5731250349546056,53641,0
7122,22898,222,0.23724183877415056,0.9697712418300654,0.3812225671769618,0.35897657329258476,0.47559745012759136,0.16983974223740442,0.4434022983665278,0.23724183877415056,30020,5
2183,22898,47,0.08703799689007616,0.9789237668161435,0.15986232653509577,0.39860563701273977,0.3845770947643675,0.13890551906073836,0.3666401203272664,0.08703799689007616,25081,10
614,22898,13,0.02611432460020415,0.9792663476874003,0.05087203280997556,0.26046266959364067,0.38491992214019827,0.14597720544012724,0.3648602707799107,0.02611432460020415,23512,15
193,22898,2,0.008358234810099173,0.9897435897435898,0.016576483724126085,0.1713073518166595,0.3773203288078928,0.19422127942088918,0.35765540292118453,0.008358234810099173,23091,20
62,22898,1,0.0027003484320557492,0.9841269841269841,0.00538591842939669,0.035005470591509893,0.38398757941097256,0.3304349697651404,0.3414839902717595,0.0027003484320557492,22960,25
27,22898,0,0.001177753544165758,1.0,0.0023527361449982576,0.16562744297166218,0.39426448017385696,0.6184301605666819,0.33999442187860407,0.001177753544165758,22925,30
13,22898,0,0.0005674130330408974,1.0,0.0011341825161402897,0.1122103692574142,0.4359860132923321,0.700955587680398,0.3817733307264703,0.0005674130330408974,22911,35
4,22898,0,0.00017465723517596715,1.0,0.0003492534707063651,0.941985873274681,0.29706664379449343,-0.2495865625460549,0.33900497061350543,0.00017465723517596715,22902,40
4,22898,0,0.00017465723517596715,1.0,0.0003492534707063651,0.941985873274681,0.29706664379449343,-0.2495865625460549,0.33900497061350543,0.00017465723517596715,22902,45
3,22898,0,0.00013099864634732108,1.0,0.00026196297589940623,0.9159610950585869,0.23333333333333336,-0.09982056461469666,0.29397578430281757,0.00013099864634732108,22901,50
2,22898,0,8.733624454148471e-05,1.0,0.00017465723517596715,1.0,0.0827567494234161,1.0,0.08275857884051913,8.733624454148471e-05,22900,55
2,22898,0,8.733624454148471e-05,1.0,0.00017465723517596715,1.0,0.0827567494234161,1.0,0.08275857884051913,8.733624454148471e-05,22900,60
2,22898,0,8.733624454148471e-05,1.0,0.00017465723517596715,1.0,0.0827567494234161,1.0,0.08275857884051913,8.733624454148471e-05,22900,65
2,22898,0,8.733624454148471e-05,1.0,0.00017465723517596715,1.0,0.0827567494234161,1.0,0.08275857884051913,8.733624454148471e-05,22900,70
1,22898,0,4.36700292589196e-05,1.0,8.733624454148471e-05,,0.0,,0.0,4.36700292589196e-05,22899,75
1,22898,0,4.36700292589196e-05,1.0,8.733624454148471e-05,,0.0,,0.0,4.36700292589196e-05,22899,80
1,22898,0,4.36700292589196e-05,1.0,8.733624454148471e-05,,0.0,,0.0,4.36700292589196e-05,22899,85
0,22898,0,0.0,0.0,0.0,,0.0,,0.0,0.0,22898,90
0,22898,0,0.0,0.0,0.0,,0.0,,0.0,0.0,22898,95
