TP,FP,FN,precision,recall,F1,corr_reads_mapped,L1_reads_mapped,corr_reads_mapped_div_gene_len,L1_reads_mapped_div_gene_len,percent_correct_predictions,total_number_of_predictions,filter_threshold
27670,25805,11259,0.5174380551659654,0.7107811657119372,0.598891822864811,0.346420054246613,0.6400553012523679,0.26489755563164863,0.6318686647602318,0.5174380551659654,53475,0
3381,25805,3719,0.11584321249914342,0.47619718309859155,0.1863528633632806,0.31278330309912217,0.46882829396207154,0.09253064261441153,0.4601203070932446,0.11584321249914342,29186,5
325,25805,927,0.012437810945273632,0.2595846645367412,0.023738222189759697,0.29301420905602144,0.43092095303113837,0.17498259224794613,0.43471285285037453,0.012437810945273632,26130,10
42,25805,208,0.0016249468023368282,0.168,0.003218760777100816,0.1642188029018932,0.4458417353782103,0.44974325977990165,0.41985085554202944,0.0016249468023368282,25847,15
10,25805,55,0.0003873716831299632,0.15384615384615385,0.0007727975270479134,0.25383831833831677,0.478211123653313,0.8150830580085495,0.3815590159753023,0.0003873716831299632,25815,20
3,25805,15,0.00011624302541847489,0.16666666666666666,0.00023232401455897155,0.5916910559611896,0.5831609867218176,-0.968378892470019,0.6408343383441912,0.00011624302541847489,25808,25
2,25805,5,7.749835315999536e-05,0.2857142857142857,0.000154954675757341,-1.0,0.3888888888888889,-1.0,0.38531196356498404,7.749835315999536e-05,25807,30
1,25805,3,3.875067813686739e-05,0.25,7.748934521503293e-05,,0.0,,0.0,3.875067813686739e-05,25806,35
0,25805,3,0.0,0.0,0.0,,0.0,,0.0,0.0,25805,40
0,25805,3,0.0,0.0,0.0,,0.0,,0.0,0.0,25805,45
0,25805,3,0.0,0.0,0.0,,0.0,,0.0,0.0,25805,50
0,25805,2,0.0,0.0,0.0,,0.0,,0.0,0.0,25805,55
0,25805,2,0.0,0.0,0.0,,0.0,,0.0,0.0,25805,60
0,25805,1,0.0,0.0,0.0,,0.0,,0.0,0.0,25805,65
0,25805,1,0.0,0.0,0.0,,0.0,,0.0,0.0,25805,70
0,25805,1,0.0,0.0,0.0,,0.0,,0.0,0.0,25805,75
0,25805,1,0.0,0.0,0.0,,0.0,,0.0,0.0,25805,80
0,25805,0,0.0,0.0,0.0,,0.0,,0.0,0.0,25805,85
0,25805,0,0.0,0.0,0.0,,0.0,,0.0,0.0,25805,90
0,25805,0,0.0,0.0,0.0,,0.0,,0.0,0.0,25805,95
