TP,FP,FN,precision,recall,F1,corr_reads_mapped,L1_reads_mapped,corr_reads_mapped_div_gene_len,L1_reads_mapped_div_gene_len,percent_correct_predictions,total_number_of_predictions,filter_threshold
18999,34142,11994,0.3575205585141416,0.6130093892169199,0.45163667482825015,0.19924063147553583,0.9008944079553387,0.1943953304280313,0.8555180863215762,0.3575205585141416,53141,0
3769,34142,3308,0.09941705573580227,0.5325702981489332,0.16755579265581932,0.31321430698392727,0.6427767840724194,0.08076181875053307,0.5985339501184309,0.09941705573580227,37911,5
1105,34142,779,0.03135018583141828,0.5865180467091295,0.05951900029624843,0.28143262830196464,0.6322975801683155,-0.03733531082335921,0.5967535949410075,0.03135018583141828,35247,10
331,34142,347,0.009601717285991936,0.4882005899705015,0.018833034622059118,0.17907002739735814,0.6385875779724293,-0.027160409188882566,0.6167739305995061,0.009601717285991936,34473,15
96,34142,254,0.00280390209708511,0.2742857142857143,0.005551058170463745,0.05547448040250994,0.6667244178425171,0.084272278530758,0.6596684984463212,0.00280390209708511,34238,20
33,34142,232,0.0009656181419166058,0.12452830188679245,0.0019163763066202088,0.035185148002280224,0.6190229021913847,0.3835708434872581,0.6023210136532358,0.0009656181419166058,34175,25
10,34142,219,0.0002928086202857812,0.043668122270742356,0.0005817166458218202,-0.266179058004069,0.7819595955283251,0.5986012060857653,0.7579836746492477,0.0002928086202857812,34152,30
7,34142,210,0.00020498404052827316,0.03225806451612903,0.0004073793866030379,-0.35175600818062264,0.6886407803985826,0.6103417269090137,0.6670456405433166,0.00020498404052827316,34149,35
4,34142,201,0.00011714402858314298,0.01951219512195122,0.00023288987220168264,0.11101726828177776,0.26655547319001727,0.6757411582192294,0.2589299192967458,0.00011714402858314298,34146,40
4,34142,183,0.00011714402858314298,0.0213903743315508,0.00023301197099000962,0.11101726828177776,0.26655547319001727,0.6757411582192294,0.2589299192967458,0.00011714402858314298,34146,45
2,34142,170,5.857544517338332e-05,0.011627906976744186,0.00011656370206317753,-1.0,0.2626440677966101,-1.0,0.2602945684941256,5.857544517338332e-05,34144,50
1,34142,162,2.928858038250886e-05,0.006134969325153374,5.829883985308692e-05,,0.0,,0.0,2.928858038250886e-05,34143,55
1,34142,144,2.928858038250886e-05,0.006896551724137931,5.8329444703686415e-05,,0.0,,0.0,2.928858038250886e-05,34143,60
1,34142,135,2.928858038250886e-05,0.007352941176470588,5.8344759182006474e-05,,0.0,,0.0,2.928858038250886e-05,34143,65
0,34142,126,0.0,0.0,0.0,,0.0,,0.0,0.0,34142,70
0,34142,116,0.0,0.0,0.0,,0.0,,0.0,0.0,34142,75
0,34142,109,0.0,0.0,0.0,,0.0,,0.0,0.0,34142,80
0,34142,100,0.0,0.0,0.0,,0.0,,0.0,0.0,34142,85
0,34142,93,0.0,0.0,0.0,,0.0,,0.0,0.0,34142,90
0,34142,83,0.0,0.0,0.0,,0.0,,0.0,0.0,34142,95
