TP,FP,FN,precision,recall,F1,corr_reads_mapped,L1_reads_mapped,corr_reads_mapped_div_gene_len,L1_reads_mapped_div_gene_len,percent_correct_predictions,total_number_of_predictions,filter_threshold
25364,28225,12529,0.4733060889361623,0.6693584567070435,0.5545134561990337,0.33243595163206396,0.7474303155432804,0.26271234171954627,0.7381717158695601,0.4733060889361623,53589,0
4476,28225,2108,0.13687654811779457,0.6798298906439855,0.22787323405880108,0.32503580237248164,0.5666804965156673,0.3153107114525793,0.5591179449107944,0.13687654811779457,32701,5
1131,28225,180,0.038527047281646,0.8627002288329519,0.07376006782534972,0.30962669786177327,0.4884163514015367,0.2832905892099341,0.4504261108018104,0.038527047281646,29356,10
518,28225,28,0.018021779215809067,0.9487179487179487,0.03537164123049609,0.42984979800896267,0.3962345593910901,0.23673532646856124,0.36675824139637025,0.018021779215809067,28743,15
268,28225,6,0.009405818973081107,0.9781021897810219,0.018632460805784404,0.4945889514530223,0.35690489870553505,0.2402719318422977,0.3355408018843673,0.009405818973081107,28493,20
130,28225,3,0.0045847293246341035,0.9774436090225563,0.009126649817467004,0.5326955159620143,0.32569289285356473,0.29764442340781555,0.3121962991973076,0.0045847293246341035,28355,25
78,28225,3,0.002755891601597004,0.9629629629629629,0.005496054114994364,0.46889237474488804,0.3282850455316322,0.31055803987634284,0.32017094215915026,0.002755891601597004,28303,30
40,28225,2,0.0014151777817088271,0.9523809523809523,0.0028261560744692123,0.27271094869860296,0.33169123395903694,0.21477707780476193,0.3222092155647044,0.0014151777817088271,28265,35
23,28225,1,0.0008142169357122629,0.9583333333333334,0.0016270514997170347,0.4193689048918792,0.3296626278947886,0.33034233762105514,0.3211677104753597,0.0008142169357122629,28248,40
14,28225,0,0.0004957682637487163,1.0,0.0009910451987399566,0.5121797668212783,0.3169046007849178,0.48558052778980726,0.31904604139282067,0.0004957682637487163,28239,45
8,28225,0,0.0002833563560372614,1.0,0.0005665521759144507,0.8848050746854209,0.3403182841849816,0.6802331811271516,0.3738780643476433,0.0002833563560372614,28233,50
4,28225,0,0.00014169825356902477,1.0,0.0002833563560372613,0.8478832705820435,0.2533244827967696,0.8299288228161705,0.2750592826352667,0.00014169825356902477,28229,55
3,28225,0,0.00010627745500921071,1.0,0.00021253232262406576,0.8473516127188956,0.25906699708708314,0.3684259985937413,0.27704706846606075,0.00010627745500921071,28228,60
2,28225,0,7.085414673893789e-05,1.0,0.00014169825356902474,1.0,0.0006631299734748963,1.0,0.0006600687700867303,7.085414673893789e-05,28227,65
1,28225,0,3.5428328491461775e-05,1.0,7.085414673893789e-05,,0.0,,0.0,3.5428328491461775e-05,28226,70
1,28225,0,3.5428328491461775e-05,1.0,7.085414673893789e-05,,0.0,,0.0,3.5428328491461775e-05,28226,75
0,28225,0,0.0,0.0,0.0,,0.0,,0.0,0.0,28225,80
0,28225,0,0.0,0.0,0.0,,0.0,,0.0,0.0,28225,85
0,28225,0,0.0,0.0,0.0,,0.0,,0.0,0.0,28225,90
0,28225,0,0.0,0.0,0.0,,0.0,,0.0,0.0,28225,95
