TP,FP,FN,precision,recall,F1,corr_reads_mapped,L1_reads_mapped,corr_reads_mapped_div_gene_len,L1_reads_mapped_div_gene_len,percent_correct_predictions,total_number_of_predictions,filter_threshold
14902,36495,5552,0.28993910150397884,0.7285616505329031,0.4148028559101473,0.3101345837867891,0.6878044818667288,0.3219641196241992,0.6827295788390257,0.28993910150397884,51397,0
1158,36495,18,0.030754521552067565,0.9846938775510204,0.059646140771073164,0.26276658196508834,0.5574960544377985,0.5337519329487975,0.48210675735930786,0.030754521552067565,37653,5
284,36495,1,0.007721797765028957,0.9964912280701754,0.015324843513921865,0.6938693373616093,0.240381752268327,0.6626869225941275,0.2217116670540974,0.007721797765028957,36779,10
125,36495,0,0.003413435281267067,1.0,0.006803646754660497,0.7860402580294159,0.19660506814403186,0.7265683811904624,0.1892416420064434,0.003413435281267067,36620,15
48,36495,0,0.0013135210573844511,1.0,0.002623595966221202,0.7506971797672743,0.20254235405621535,0.7345705388774525,0.19589873875412064,0.0013135210573844511,36543,20
21,36495,0,0.0005750903713440683,1.0,0.001149519664997126,0.6980194707651985,0.17318118349463146,0.640553922225868,0.17489455445647484,0.0005750903713440683,36516,25
12,36495,0,0.00032870408414824553,1.0,0.0006571921465538487,0.6813035984766131,0.16819455054749177,0.6471227232679043,0.1568057646116883,0.00032870408414824553,36507,30
3,36495,0,8.21962847279303e-05,1.0,0.00016437905810799704,0.9766561553865116,0.11334120425029515,0.5384789935993018,0.10594247609151858,8.21962847279303e-05,36498,35
2,36495,0,5.479902457736252e-05,1.0,0.00010959204361763335,0.9999999999999999,0.09433344251555847,-0.9999999999999999,0.09503727712642412,5.479902457736252e-05,36497,40
1,36495,0,2.740026304252521e-05,1.0,5.4799024577362526e-05,,0.0,,0.0,2.740026304252521e-05,36496,45
0,36495,0,0.0,0.0,0.0,,0.0,,0.0,0.0,36495,50
0,36495,0,0.0,0.0,0.0,,0.0,,0.0,0.0,36495,55
0,36495,0,0.0,0.0,0.0,,0.0,,0.0,0.0,36495,60
0,36495,0,0.0,0.0,0.0,,0.0,,0.0,0.0,36495,65
0,36495,0,0.0,0.0,0.0,,0.0,,0.0,0.0,36495,70
0,36495,0,0.0,0.0,0.0,,0.0,,0.0,0.0,36495,75
0,36495,0,0.0,0.0,0.0,,0.0,,0.0,0.0,36495,80
0,36495,0,0.0,0.0,0.0,,0.0,,0.0,0.0,36495,85
0,36495,0,0.0,0.0,0.0,,0.0,,0.0,0.0,36495,90
0,36495,0,0.0,0.0,0.0,,0.0,,0.0,0.0,36495,95
