TP,FP,FN,precision,recall,F1,corr_reads_mapped,L1_reads_mapped,corr_reads_mapped_div_gene_len,L1_reads_mapped_div_gene_len,percent_correct_predictions,total_number_of_predictions,filter_threshold
27848,25847,7933,0.518633019834249,0.7782901539923424,0.6224685949304841,0.3388957012816746,0.7110615168398333,0.21897905279911153,0.6846575970638006,0.518633019834249,53695,0
7779,25847,224,0.23133884494141438,0.972010496063976,0.37372985178601453,0.3977471360927137,0.46365226788547814,0.17991410795969556,0.4532976524228238,0.23133884494141438,33626,5
1860,25847,19,0.06713104991518389,0.989888238424694,0.125735145001014,0.345120848492186,0.40310204363508784,0.15627592777981306,0.3834082383177234,0.06713104991518389,27707,10
448,25847,5,0.017037459593078532,0.9889624724061811,0.03349783161357858,0.20885234845390388,0.3680826826468573,0.25412594967892244,0.3371456371662409,0.017037459593078532,26295,15
141,25847,1,0.005425581037401878,0.9929577464788732,0.010792192881745122,0.01699138980463023,0.3797439299275245,0.3375921713618756,0.343426006469867,0.005425581037401878,25988,20
54,25847,0,0.002084861588355662,1.0,0.004161047967636293,0.012599542978429041,0.41074917639016795,0.5144782667591636,0.37437419189450044,0.002084861588355662,25901,25
22,25847,0,0.0008504387490819127,1.0,0.0016994322351396238,0.0953272093918788,0.4187762070892808,0.8125785334875963,0.3877220902893692,0.0008504387490819127,25869,30
7,25847,0,0.0002707511410226657,1.0,0.0005413557093693205,-0.051715190433346866,0.275493474981966,0.9263391975930481,0.24338205170338179,0.0002707511410226657,25854,35
4,25847,0,0.00015473289234459016,1.0,0.00030941790756140015,-0.6670338967768747,0.2753703703703704,0.9051167804111926,0.34239290864886845,0.00015473289234459016,25851,40
3,25847,0,0.0001160541586073501,1.0,0.0002320813832050439,0.6719319439596788,0.10455655868295277,0.9888084694252209,0.07833361163654332,0.0001160541586073501,25850,45
3,25847,0,0.0001160541586073501,1.0,0.0002320813832050439,0.6719319439596788,0.10455655868295277,0.9888084694252209,0.07833361163654332,0.0001160541586073501,25850,50
2,25847,0,7.737243220240629e-05,1.0,0.00015473289234459016,,0.11290322580645157,1.0,0.09659308459392824,7.737243220240629e-05,25849,55
1,25847,0,3.8687712782420303e-05,1.0,7.737243220240627e-05,,0.0,,0.0,3.8687712782420303e-05,25848,60
1,25847,0,3.8687712782420303e-05,1.0,7.737243220240627e-05,,0.0,,0.0,3.8687712782420303e-05,25848,65
0,25847,0,0.0,0.0,0.0,,0.0,,0.0,0.0,25847,70
0,25847,0,0.0,0.0,0.0,,0.0,,0.0,0.0,25847,75
0,25847,0,0.0,0.0,0.0,,0.0,,0.0,0.0,25847,80
0,25847,0,0.0,0.0,0.0,,0.0,,0.0,0.0,25847,85
0,25847,0,0.0,0.0,0.0,,0.0,,0.0,0.0,25847,90
0,25847,0,0.0,0.0,0.0,,0.0,,0.0,0.0,25847,95
