TP,FP,FN,precision,recall,F1,corr_reads_mapped,L1_reads_mapped,corr_reads_mapped_div_gene_len,L1_reads_mapped_div_gene_len,percent_correct_predictions,total_number_of_predictions,filter_threshold
14194,36985,4834,0.2773403153637234,0.7459533319318898,0.4043471448715939,0.3482382473411437,0.6742868536077806,0.42703171854815264,0.6479664034073149,0.2773403153637234,51179,0
772,36985,244,0.02044653971449003,0.7598425196850394,0.03982152528821603,0.38787137806957916,0.44949341909908613,0.4209184570423883,0.4116929873530984,0.02044653971449003,37757,5
92,36985,103,0.002481322652857567,0.4717948717948718,0.004936681691350075,0.21383650094686943,0.38115746400659795,0.31871192460685843,0.36733027982608407,0.002481322652857567,37077,10
14,36985,53,0.00037838860509743506,0.208955223880597,0.0007554092699508984,-0.19130844394235236,0.3200394454874741,0.6276289223453074,0.29919472427043603,0.00037838860509743506,36999,15
2,36985,24,5.407305269418985e-05,0.07692307692307693,0.00010807013751924999,-1.0,0.23376623376623373,1.0,0.14870845300601063,5.407305269418985e-05,36987,20
1,36985,10,2.703725734061537e-05,0.09090909090909091,5.40584371705814e-05,,0.0,,0.0,2.703725734061537e-05,36986,25
0,36985,7,0.0,0.0,0.0,,0.0,,0.0,0.0,36985,30
0,36985,1,0.0,0.0,0.0,,0.0,,0.0,0.0,36985,35
0,36985,0,0.0,0.0,0.0,,0.0,,0.0,0.0,36985,40
0,36985,0,0.0,0.0,0.0,,0.0,,0.0,0.0,36985,45
0,36985,0,0.0,0.0,0.0,,0.0,,0.0,0.0,36985,50
0,36985,0,0.0,0.0,0.0,,0.0,,0.0,0.0,36985,55
0,36985,0,0.0,0.0,0.0,,0.0,,0.0,0.0,36985,60
0,36985,0,0.0,0.0,0.0,,0.0,,0.0,0.0,36985,65
0,36985,0,0.0,0.0,0.0,,0.0,,0.0,0.0,36985,70
0,36985,0,0.0,0.0,0.0,,0.0,,0.0,0.0,36985,75
0,36985,0,0.0,0.0,0.0,,0.0,,0.0,0.0,36985,80
0,36985,0,0.0,0.0,0.0,,0.0,,0.0,0.0,36985,85
0,36985,0,0.0,0.0,0.0,,0.0,,0.0,0.0,36985,90
0,36985,0,0.0,0.0,0.0,,0.0,,0.0,0.0,36985,95
