TP,FP,FN,precision,recall,F1,corr_reads_mapped,L1_reads_mapped,corr_reads_mapped_div_gene_len,L1_reads_mapped_div_gene_len,percent_correct_predictions,total_number_of_predictions,filter_threshold
28757,24669,6403,0.5382585258114027,0.8178896473265074,0.6492448016616621,0.3599022503780905,0.6961491730828702,0.28768638992587436,0.6715788695082371,0.5382585258114027,53426,0
6518,24669,1728,0.20899733863468753,0.7904438515643949,0.3305860573631223,0.38841890442016835,0.46574675987819103,0.13477989844456673,0.44767219472868086,0.20899733863468753,31187,5
1299,24669,456,0.050023105360443625,0.7401709401709402,0.09371280164484362,0.34051890125664774,0.4244329316657458,0.07736093415074197,0.41687704780106233,0.050023105360443625,25968,10
305,24669,176,0.012212701209257628,0.6340956340956341,0.02396385778825378,0.3130825253374628,0.38122401170223874,0.12643988387031851,0.3834763947020261,0.012212701209257628,24974,15
85,24669,100,0.0034337884786297163,0.4594594594594595,0.006816632583503748,0.2942198477730998,0.4017632221754441,0.22897183838920837,0.41610795873798706,0.0034337884786297163,24754,20
28,24669,62,0.0011337409401951655,0.3111111111111111,0.0022592487997740753,0.46211768379969187,0.42947967267840703,0.4387933612795493,0.452172482302331,0.0011337409401951655,24697,25
12,24669,46,0.0004862039625622949,0.20689655172413793,0.0009701281377581955,0.4256981256894236,0.4141666666666667,0.39411084552194103,0.49455849057362367,0.0004862039625622949,24681,30
7,24669,32,0.0002836764467498784,0.1794871794871795,0.0005664576168318835,0.5671646127003465,0.39574924361942615,0.41762003527285285,0.5175706583665747,0.0002836764467498784,24676,35
3,24669,19,0.00012159533073929961,0.13636363636363635,0.00024297400178180934,0.8873565094161138,0.27101818618490403,0.9980690712098332,0.39659762944677257,0.00012159533073929961,24672,40
2,24669,12,8.106683960925784e-05,0.14285714285714285,0.00016204172574437917,,0.05660377358490565,,0.05660377358490559,8.106683960925784e-05,24671,45
2,24669,8,8.106683960925784e-05,0.2,0.00016206798752076495,,0.05660377358490565,,0.05660377358490559,8.106683960925784e-05,24671,50
1,24669,3,4.053506282934739e-05,0.25,8.105698305909054e-05,,0.0,,0.0,4.053506282934739e-05,24670,55
0,24669,2,0.0,0.0,0.0,,0.0,,0.0,0.0,24669,60
0,24669,0,0.0,0.0,0.0,,0.0,,0.0,0.0,24669,65
0,24669,0,0.0,0.0,0.0,,0.0,,0.0,0.0,24669,70
0,24669,0,0.0,0.0,0.0,,0.0,,0.0,0.0,24669,75
0,24669,0,0.0,0.0,0.0,,0.0,,0.0,0.0,24669,80
0,24669,0,0.0,0.0,0.0,,0.0,,0.0,0.0,24669,85
0,24669,0,0.0,0.0,0.0,,0.0,,0.0,0.0,24669,90
0,24669,0,0.0,0.0,0.0,,0.0,,0.0,0.0,24669,95
