TP,FP,FN,precision,recall,F1,corr_reads_mapped,L1_reads_mapped,corr_reads_mapped_div_gene_len,L1_reads_mapped_div_gene_len,percent_correct_predictions,total_number_of_predictions,filter_threshold
10576,40140,7363,0.20853379604069722,0.5895534868164335,0.30809118054038304,0.21435471713897758,0.7688208457033359,0.24260926279128087,0.7392118069659183,0.20853379604069722,50716,0
609,40140,556,0.014945152028270632,0.5227467811158798,0.029059502791430068,0.17396121393085073,0.6420467479770351,0.1235371792236334,0.6012136479567715,0.014945152028270632,40749,5
32,40140,227,0.000796574728666733,0.12355212355212356,0.0015829437807622865,0.03837695922374381,0.6165185855146484,0.5012681314244624,0.5719425213115492,0.000796574728666733,40172,10
3,40140,190,7.47328301322771e-05,0.015544041450777202,0.00014875049583498612,0.7600371198479944,0.12912692589875274,0.8721817696666423,0.13254615403623204,7.47328301322771e-05,40143,15
1,40140,152,2.4912184549463142e-05,0.006535947712418301,4.9635181416588086e-05,,0.0,,0.0,2.4912184549463142e-05,40141,20
1,40140,126,2.4912184549463142e-05,0.007874015748031496,4.966722956193504e-05,,0.0,,0.0,2.4912184549463142e-05,40141,25
0,40140,97,0.0,0.0,0.0,,0.0,,0.0,0.0,40140,30
0,40140,70,0.0,0.0,0.0,,0.0,,0.0,0.0,40140,35
0,40140,56,0.0,0.0,0.0,,0.0,,0.0,0.0,40140,40
0,40140,43,0.0,0.0,0.0,,0.0,,0.0,0.0,40140,45
0,40140,37,0.0,0.0,0.0,,0.0,,0.0,0.0,40140,50
0,40140,27,0.0,0.0,0.0,,0.0,,0.0,0.0,40140,55
0,40140,24,0.0,0.0,0.0,,0.0,,0.0,0.0,40140,60
0,40140,19,0.0,0.0,0.0,,0.0,,0.0,0.0,40140,65
0,40140,14,0.0,0.0,0.0,,0.0,,0.0,0.0,40140,70
0,40140,10,0.0,0.0,0.0,,0.0,,0.0,0.0,40140,75
0,40140,6,0.0,0.0,0.0,,0.0,,0.0,0.0,40140,80
0,40140,4,0.0,0.0,0.0,,0.0,,0.0,0.0,40140,85
0,40140,3,0.0,0.0,0.0,,0.0,,0.0,0.0,40140,90
0,40140,3,0.0,0.0,0.0,,0.0,,0.0,0.0,40140,95
