TP,FP,FN,precision,recall,F1,corr_reads_mapped,L1_reads_mapped,corr_reads_mapped_div_gene_len,L1_reads_mapped_div_gene_len,percent_correct_predictions,total_number_of_predictions,filter_threshold
21327,32068,13660,0.39941942129412866,0.6095692685854746,0.48260958113643043,0.3377412190481752,0.7489257048267586,0.29246180668841876,0.7307899738740482,0.39941942129412866,53395,0
3804,32068,3552,0.10604371097234612,0.5171288743882545,0.17599703895623206,0.37271972335573467,0.5313961190397932,0.3552506469908819,0.5171119026003943,0.10604371097234612,35872,5
948,32068,654,0.02871335110249576,0.5917602996254682,0.054769195216361435,0.35447708386905563,0.4472981676563038,0.3234845617768732,0.4100709046404716,0.02871335110249576,33016,10
368,32068,123,0.0113454186706129,0.7494908350305499,0.0223524766908616,0.48503401820623887,0.3497308858156972,0.3087233552038925,0.32398860930282625,0.0113454186706129,32436,15
169,32068,29,0.005242423302416478,0.8535353535353535,0.010420841683366733,0.5219502033514773,0.3066053575895704,0.4358273880773044,0.28411766033415276,0.005242423302416478,32237,20
86,32068,12,0.0026746283510605214,0.8775510204081632,0.005333002604489645,0.4095302679052886,0.3151462925716913,0.44041215271142836,0.2908575782291675,0.0026746283510605214,32154,25
45,32068,6,0.0014013016535359512,0.8823529411764706,0.0027981594329063554,0.2984697111422766,0.2867901202406808,0.3025408331259098,0.2644704660292661,0.0014013016535359512,32113,30
21,32068,3,0.0006544298669325937,0.875,0.0013078815433002209,0.44366061187368894,0.2381496535549068,0.6523316406838031,0.2216027252825201,0.0006544298669325937,32089,35
10,32068,3,0.0003117401334247771,0.7692307692307693,0.0006232276962388208,0.3976806802106257,0.27853028432837434,0.7515014924361197,0.2771319129110239,0.0003117401334247771,32078,40
5,32068,1,0.00015589436597761357,0.8333333333333334,0.0003117304155366439,0.04262097059546288,0.31502037149914985,0.7241505780920304,0.29675037274091554,0.00015589436597761357,32073,45
4,32068,0,0.0001247193813918683,1.0,0.00024940765681506424,-0.5024058837565409,0.3220926394542854,0.8440412878136867,0.26699369553148766,0.0001247193813918683,32072,50
4,32068,0,0.0001247193813918683,1.0,0.00024940765681506424,-0.5024058837565409,0.3220926394542854,0.8440412878136867,0.26699369553148766,0.0001247193813918683,32072,55
1,32068,0,3.118276216907294e-05,1.0,6.236357966947302e-05,,0.0,,0.0,3.118276216907294e-05,32069,60
1,32068,0,3.118276216907294e-05,1.0,6.236357966947302e-05,,0.0,,0.0,3.118276216907294e-05,32069,65
1,32068,0,3.118276216907294e-05,1.0,6.236357966947302e-05,,0.0,,0.0,3.118276216907294e-05,32069,70
0,32068,0,0.0,0.0,0.0,,0.0,,0.0,0.0,32068,75
0,32068,0,0.0,0.0,0.0,,0.0,,0.0,0.0,32068,80
0,32068,0,0.0,0.0,0.0,,0.0,,0.0,0.0,32068,85
0,32068,0,0.0,0.0,0.0,,0.0,,0.0,0.0,32068,90
0,32068,0,0.0,0.0,0.0,,0.0,,0.0,0.0,32068,95
