TP,FP,FN,precision,recall,F1,corr_reads_mapped,L1_reads_mapped,corr_reads_mapped_div_gene_len,L1_reads_mapped_div_gene_len,percent_correct_predictions,total_number_of_predictions,filter_threshold
12123,38857,7861,0.2377991369164378,0.6066353082465973,0.34166619694492983,0.3564330027784075,0.6479015585162623,0.3464375521092278,0.6309019189150612,0.2377991369164378,50980,0
855,38857,187,0.021530016116035455,0.8205374280230326,0.04195907150218384,0.40959989190775864,0.43300007676476715,0.41999848761556113,0.4060553974687323,0.021530016116035455,39712,5
83,38857,3,0.002131484334874165,0.9651162790697675,0.004253574540050222,0.534636599792827,0.2993457492286531,0.5276020907353939,0.2812337804279158,0.002131484334874165,38940,10
20,38857,0,0.0005144429868559816,1.0,0.0010283569426948092,0.4663779562572868,0.23085043469609964,0.8123184156601995,0.2166168923691097,0.0005144429868559816,38877,15
6,38857,0,0.00015438849291099505,1.0,0.0003087293215673159,0.09766089807495985,0.167906700280801,0.9612373306832575,0.1672340751318266,0.00015438849291099505,38863,20
2,38857,0,5.1468128361512137e-05,1.0,0.00010293095905921105,1.0,0.05847953216374274,1.0,0.05831939119030238,5.1468128361512137e-05,38859,25
1,38857,0,2.5734726439857945e-05,1.0,5.1468128361512137e-05,,0.0,,0.0,2.5734726439857945e-05,38858,30
0,38857,0,0.0,0.0,0.0,,0.0,,0.0,0.0,38857,35
0,38857,0,0.0,0.0,0.0,,0.0,,0.0,0.0,38857,40
0,38857,0,0.0,0.0,0.0,,0.0,,0.0,0.0,38857,45
0,38857,0,0.0,0.0,0.0,,0.0,,0.0,0.0,38857,50
0,38857,0,0.0,0.0,0.0,,0.0,,0.0,0.0,38857,55
0,38857,0,0.0,0.0,0.0,,0.0,,0.0,0.0,38857,60
0,38857,0,0.0,0.0,0.0,,0.0,,0.0,0.0,38857,65
0,38857,0,0.0,0.0,0.0,,0.0,,0.0,0.0,38857,70
0,38857,0,0.0,0.0,0.0,,0.0,,0.0,0.0,38857,75
0,38857,0,0.0,0.0,0.0,,0.0,,0.0,0.0,38857,80
0,38857,0,0.0,0.0,0.0,,0.0,,0.0,0.0,38857,85
0,38857,0,0.0,0.0,0.0,,0.0,,0.0,0.0,38857,90
0,38857,0,0.0,0.0,0.0,,0.0,,0.0,0.0,38857,95
