TP,FP,FN,precision,recall,F1,corr_reads_mapped,L1_reads_mapped,corr_reads_mapped_div_gene_len,L1_reads_mapped_div_gene_len,percent_correct_predictions,total_number_of_predictions,filter_threshold
23409,29874,11383,0.4393333708687574,0.6728270866865946,0.5315696849276185,0.2994241092359809,0.7719714635050172,0.2581636990922819,0.7552144751429112,0.4393333708687574,53283,0
7086,29874,499,0.1917207792207792,0.9342122610415293,0.3181501852059715,0.3117411637413897,0.5927102238523976,0.3142217986452017,0.6170539706124586,0.1917207792207792,36960,5
1788,29874,13,0.056471480007580066,0.9927817878956136,0.10686429788124197,0.20641988784293214,0.6575997058109748,0.4926761368908747,0.6279279607299836,0.056471480007580066,31662,10
731,29874,2,0.023884986113380167,0.9972714870395635,0.04665262620460782,0.24870696627218986,0.5647313177834508,0.5571163971618693,0.38130932327190353,0.023884986113380167,30605,15
460,29874,2,0.01516450187907958,0.9956709956709957,0.029874009611637872,0.5275984227013774,0.3096194790124393,0.5838207773220654,0.23316441524705447,0.01516450187907958,30334,20
343,29874,1,0.011351226130985869,0.997093023255814,0.022446909459768988,0.7924935694439638,0.2027233747080718,0.5922208895951473,0.18754079954393166,0.011351226130985869,30217,25
260,29874,1,0.008628127696289905,0.9961685823754789,0.01710807698634644,0.8556422363814737,0.1822275246159265,0.5565369261201694,0.1820491140702107,0.008628127696289905,30134,30
194,29874,0,0.006452042038047093,1.0,0.012821360121604652,0.8354252017864359,0.1731953566115466,0.5981958943289889,0.16732458997491478,0.006452042038047093,30068,35
148,29874,0,0.0049297182066484575,1.0,0.009811070599933707,0.8232335536366979,0.17307663328948847,0.46959471753862536,0.16957284802829994,0.0049297182066484575,30022,40
100,29874,0,0.0033362247280976846,1.0,0.006650262685376072,0.7986668298858279,0.1790110355010808,0.4947076946623606,0.17772027532149262,0.0033362247280976846,29974,45
73,29874,0,0.0024376398303669815,1.0,0.00486342438374417,0.7743235795453929,0.18152505036526306,0.5369054553818018,0.1785856925508789,0.0024376398303669815,29947,50
53,29874,0,0.0017709760417014735,1.0,0.003535690460306871,0.7887007986530776,0.17311137889345787,0.5673278651912427,0.16994389532954743,0.0017709760417014735,29927,55
38,29874,0,0.0012703931532495319,1.0,0.0025375626043405673,0.7247884657495232,0.17072785251303782,0.5754055907155222,0.16897456044239223,0.0012703931532495319,29912,60
29,29874,0,0.000969802360967127,1.0,0.001937725511158626,0.6910715285325256,0.17133445173354137,0.5241977793402777,0.1730552382327182,0.000969802360967127,29903,65
26,29874,0,0.0008695652173913044,1.0,0.0017376194613379669,0.6392860143483469,0.16959479850334297,0.5414755406649269,0.17038235614635464,0.0008695652173913044,29900,70
21,29874,0,0.0007024586051179127,1.0,0.0014039310068190934,0.621562188626231,0.16303152839648447,-0.19700398997769178,0.16119703110205247,0.0007024586051179127,29895,75
15,29874,0,0.000501856870420556,1.0,0.0010032102728731941,0.4940713612686116,0.1531158412614834,-0.07299024972158709,0.14243109766791656,0.000501856870420556,29889,80
13,29874,0,0.00043497172683775554,1.0,0.0008695652173913044,0.468791768323922,0.164022462299932,-0.0570476851559444,0.15340037317378907,0.00043497172683775554,29887,85
10,29874,0,0.00033462722527104807,1.0,0.0006690305746972637,0.332064850388543,0.17290605868119602,-0.20093517723382187,0.1620176380847826,0.00033462722527104807,29884,90
9,29874,0,0.000301174580865375,1.0,0.0006021678040947411,0.2881252263317276,0.18827244329756895,-0.23303229988036142,0.17932131756896258,0.000301174580865375,29883,95
