TP,FP,FN,precision,recall,F1,corr_reads_mapped,L1_reads_mapped,corr_reads_mapped_div_gene_len,L1_reads_mapped_div_gene_len,percent_correct_predictions,total_number_of_predictions,filter_threshold
25060,28539,9515,0.46754603630664754,0.7248011569052784,0.5684215301562819,0.33448515865699074,0.7888137112567699,0.3443813299220766,0.7521563931076807,0.46754603630664754,53599,0
4593,28539,1002,0.13862730894603403,0.820911528150134,0.2371988535130529,0.4213681843405052,0.5415927619360628,0.4002119181553173,0.5069395033807819,0.13862730894603403,33132,5
1238,28539,295,0.04157571279846862,0.8075668623613829,0.07908016608112424,0.46319349025747364,0.4492286253468578,0.41892162728870014,0.41382150413476493,0.04157571279846862,29777,10
507,28539,190,0.0174550712662673,0.727403156384505,0.03409205527350973,0.4901190262010789,0.3947760415548044,0.34868611325435217,0.37002264533524026,0.0174550712662673,29046,15
242,28539,149,0.008408324936590111,0.618925831202046,0.01659125188536953,0.4527432076543463,0.3793865140433418,0.26747841480174916,0.3635468895280931,0.008408324936590111,28781,20
120,28539,116,0.0041871663351826655,0.5084745762711864,0.008305935282920921,0.3282250358834599,0.3735881486015377,0.2921782359006565,0.3516890737919123,0.0041871663351826655,28659,25
63,28539,95,0.0022026431718061676,0.3987341772151899,0.004381084840055633,0.14932014547865471,0.38567680740944926,0.23926938064551567,0.35489134988161686,0.0022026431718061676,28602,30
38,28539,77,0.0013297407005633901,0.33043478260869563,0.002648821971281193,0.05916532638874179,0.4015771303469182,0.4181806828421078,0.35192821363611443,0.0013297407005633901,28577,35
18,28539,57,0.0006303183107469272,0.24,0.0012573344509639564,-0.4081817758499471,0.43800938249696014,0.22603940063056677,0.3818736022038474,0.0006303183107469272,28557,40
9,28539,45,0.00031525851197982345,0.16666666666666666,0.0006293266205160479,-0.30644317508809577,0.46248725501302823,0.41058410639787335,0.4234022639806793,0.00031525851197982345,28548,45
6,28539,37,0.00021019442984760903,0.13953488372093023,0.0004197565412061005,-0.03355067832418959,0.3650773825879363,0.5777424031880043,0.3249755909208701,0.00021019442984760903,28545,50
3,28539,32,0.00010510826150935464,0.08571428571428572,0.0002099590579836932,-0.49332429179415777,0.5422764227642276,0.670697668120517,0.5012267807904693,0.00010510826150935464,28542,55
1,28539,25,3.50385423966363e-05,0.038461538461538464,7.001330252748022e-05,,0.0,,0.0,3.50385423966363e-05,28540,60
1,28539,16,3.50385423966363e-05,0.058823529411764705,7.003536786076968e-05,,0.0,,0.0,3.50385423966363e-05,28540,65
1,28539,13,3.50385423966363e-05,0.07142857142857142,7.004272606289835e-05,,0.0,,0.0,3.50385423966363e-05,28540,70
1,28539,8,3.50385423966363e-05,0.1111111111111111,7.005499316963817e-05,,0.0,,0.0,3.50385423966363e-05,28540,75
0,28539,4,0.0,0.0,0.0,,0.0,,0.0,0.0,28539,80
0,28539,4,0.0,0.0,0.0,,0.0,,0.0,0.0,28539,85
0,28539,4,0.0,0.0,0.0,,0.0,,0.0,0.0,28539,90
0,28539,2,0.0,0.0,0.0,,0.0,,0.0,0.0,28539,95
