TP,FP,FN,precision,recall,F1,corr_reads_mapped,L1_reads_mapped,corr_reads_mapped_div_gene_len,L1_reads_mapped_div_gene_len,percent_correct_predictions,total_number_of_predictions,filter_threshold
14362,36832,6571,0.2805406883619174,0.6860937276071275,0.3982419898235057,0.35762605758733695,0.6337150750953479,0.36535168091240877,0.6302027767924648,0.2805406883619174,51194,0
766,36832,81,0.020373424118304166,0.9043683589138135,0.03984913512810509,0.3663597560388579,0.4340035687788832,0.4290753318457799,0.4142914013861987,0.020373424118304166,37598,5
81,36832,4,0.0021943488743802995,0.9529411764705882,0.004378615060273528,0.5409485654550438,0.28519950611834666,0.5744519263662694,0.27683435494404507,0.0021943488743802995,36913,10
17,36832,0,0.0004613422345246818,1.0,0.0009222589920251721,-0.040137908109756926,0.2574121135112241,0.6466778149066773,0.2500574572832706,0.0004613422345246818,36849,15
1,36832,0,2.7149566964406918e-05,1.0,5.429765977086388e-05,,0.0,,0.0,2.7149566964406918e-05,36833,20
0,36832,0,0.0,0.0,0.0,,0.0,,0.0,0.0,36832,25
0,36832,0,0.0,0.0,0.0,,0.0,,0.0,0.0,36832,30
0,36832,0,0.0,0.0,0.0,,0.0,,0.0,0.0,36832,35
0,36832,0,0.0,0.0,0.0,,0.0,,0.0,0.0,36832,40
0,36832,0,0.0,0.0,0.0,,0.0,,0.0,0.0,36832,45
0,36832,0,0.0,0.0,0.0,,0.0,,0.0,0.0,36832,50
0,36832,0,0.0,0.0,0.0,,0.0,,0.0,0.0,36832,55
0,36832,0,0.0,0.0,0.0,,0.0,,0.0,0.0,36832,60
0,36832,0,0.0,0.0,0.0,,0.0,,0.0,0.0,36832,65
0,36832,0,0.0,0.0,0.0,,0.0,,0.0,0.0,36832,70
0,36832,0,0.0,0.0,0.0,,0.0,,0.0,0.0,36832,75
0,36832,0,0.0,0.0,0.0,,0.0,,0.0,0.0,36832,80
0,36832,0,0.0,0.0,0.0,,0.0,,0.0,0.0,36832,85
0,36832,0,0.0,0.0,0.0,,0.0,,0.0,0.0,36832,90
0,36832,0,0.0,0.0,0.0,,0.0,,0.0,0.0,36832,95
