TP,FP,FN,precision,recall,F1,corr_reads_mapped,L1_reads_mapped,corr_reads_mapped_div_gene_len,L1_reads_mapped_div_gene_len,percent_correct_predictions,total_number_of_predictions,filter_threshold
13891,37335,5139,0.2711708897825323,0.7299527062532842,0.3954395354133454,0.3478017614544717,0.6208977406849038,0.3283218603651346,0.6104677265544145,0.2711708897825323,51226,0
1272,37335,134,0.03294739295982594,0.9046941678520626,0.06357933671556744,0.3475011172865751,0.4270792223180276,0.2588372577178694,0.4113699338255004,0.03294739295982594,38607,5
86,37335,1,0.002298174821624222,0.9885057471264368,0.0045856883864775514,0.25877909345448113,0.3707423393700557,0.25415031066557875,0.35997720455447196,0.002298174821624222,37421,10
8,37335,1,0.0002142302439546903,0.8888888888888888,0.0004283572499464554,-0.3132867736114915,0.31304384556897863,0.6260462749940369,0.2817331488033662,0.0002142302439546903,37343,15
1,37335,0,2.678380115706021e-05,1.0,5.356616760853844e-05,,0.0,,0.0,2.678380115706021e-05,37336,20
0,37335,0,0.0,0.0,0.0,,0.0,,0.0,0.0,37335,25
0,37335,0,0.0,0.0,0.0,,0.0,,0.0,0.0,37335,30
0,37335,0,0.0,0.0,0.0,,0.0,,0.0,0.0,37335,35
0,37335,0,0.0,0.0,0.0,,0.0,,0.0,0.0,37335,40
0,37335,0,0.0,0.0,0.0,,0.0,,0.0,0.0,37335,45
0,37335,0,0.0,0.0,0.0,,0.0,,0.0,0.0,37335,50
0,37335,0,0.0,0.0,0.0,,0.0,,0.0,0.0,37335,55
0,37335,0,0.0,0.0,0.0,,0.0,,0.0,0.0,37335,60
0,37335,0,0.0,0.0,0.0,,0.0,,0.0,0.0,37335,65
0,37335,0,0.0,0.0,0.0,,0.0,,0.0,0.0,37335,70
0,37335,0,0.0,0.0,0.0,,0.0,,0.0,0.0,37335,75
0,37335,0,0.0,0.0,0.0,,0.0,,0.0,0.0,37335,80
0,37335,0,0.0,0.0,0.0,,0.0,,0.0,0.0,37335,85
0,37335,0,0.0,0.0,0.0,,0.0,,0.0,0.0,37335,90
0,37335,0,0.0,0.0,0.0,,0.0,,0.0,0.0,37335,95
