TP,FP,FN,precision,recall,F1,corr_reads_mapped,L1_reads_mapped,corr_reads_mapped_div_gene_len,L1_reads_mapped_div_gene_len,percent_correct_predictions,total_number_of_predictions,filter_threshold
17385,33901,3930,0.3389813984323207,0.8156228008444757,0.4789190231539511,0.34026454107927623,0.6159677872908808,0.3676493947235834,0.6017310746685733,0.3389813984323207,51286,0
787,33901,292,0.022687961254612546,0.7293790546802595,0.04400704560069337,0.36356376025065346,0.4297090063997353,0.19206075321877983,0.4220928125472512,0.022687961254612546,34688,5
31,33901,57,0.0009135918896616763,0.3522727272727273,0.0018224573780129337,0.3545963818270032,0.3655304063266976,0.5734862481776722,0.3332049580924032,0.0009135918896616763,33932,10
4,33901,20,0.00011797669960182864,0.16666666666666666,0.00023578649532848006,0.20764226058990126,0.3482730263157895,0.3730098554087985,0.41351880472228125,0.00011797669960182864,33905,15
1,33901,6,2.94967848504513e-05,0.14285714285714285,5.898139137102244e-05,,0.0,,0.0,2.94967848504513e-05,33902,20
1,33901,2,2.94967848504513e-05,0.3333333333333333,5.898834980091432e-05,,0.0,,0.0,2.94967848504513e-05,33902,25
0,33901,0,0.0,0.0,0.0,,0.0,,0.0,0.0,33901,30
0,33901,0,0.0,0.0,0.0,,0.0,,0.0,0.0,33901,35
0,33901,0,0.0,0.0,0.0,,0.0,,0.0,0.0,33901,40
0,33901,0,0.0,0.0,0.0,,0.0,,0.0,0.0,33901,45
0,33901,0,0.0,0.0,0.0,,0.0,,0.0,0.0,33901,50
0,33901,0,0.0,0.0,0.0,,0.0,,0.0,0.0,33901,55
0,33901,0,0.0,0.0,0.0,,0.0,,0.0,0.0,33901,60
0,33901,0,0.0,0.0,0.0,,0.0,,0.0,0.0,33901,65
0,33901,0,0.0,0.0,0.0,,0.0,,0.0,0.0,33901,70
0,33901,0,0.0,0.0,0.0,,0.0,,0.0,0.0,33901,75
0,33901,0,0.0,0.0,0.0,,0.0,,0.0,0.0,33901,80
0,33901,0,0.0,0.0,0.0,,0.0,,0.0,0.0,33901,85
0,33901,0,0.0,0.0,0.0,,0.0,,0.0,0.0,33901,90
0,33901,0,0.0,0.0,0.0,,0.0,,0.0,0.0,33901,95
