TP,FP,FN,precision,recall,F1,corr_reads_mapped,L1_reads_mapped,corr_reads_mapped_div_gene_len,L1_reads_mapped_div_gene_len,percent_correct_predictions,total_number_of_predictions,filter_threshold
16715,34963,5385,0.32344517976701886,0.7563348416289593,0.45311610507197275,0.3053213675982311,0.5925795263491913,0.3641857006627423,0.588579899330461,0.32344517976701886,51678,0
395,34963,111,0.011171446348775383,0.7806324110671937,0.02202766004907428,0.20436455411011098,0.4427525894431486,0.370224451120692,0.4272551356197732,0.011171446348775383,35358,5
4,34963,21,0.00011439357108130522,0.16,0.00022862368541380884,-0.20339693893661231,0.2943100065402223,0.9522885309388099,0.3052344360119628,0.00011439357108130522,34967,10
2,34963,6,5.72000572000572e-05,0.25,0.00011437394561518885,0.9999999999999999,0.0008403361344537785,1.0,0.0008408899880727461,5.72000572000572e-05,34965,15
0,34963,1,0.0,0.0,0.0,,0.0,,0.0,0.0,34963,20
0,34963,0,0.0,0.0,0.0,,0.0,,0.0,0.0,34963,25
0,34963,0,0.0,0.0,0.0,,0.0,,0.0,0.0,34963,30
0,34963,0,0.0,0.0,0.0,,0.0,,0.0,0.0,34963,35
0,34963,0,0.0,0.0,0.0,,0.0,,0.0,0.0,34963,40
0,34963,0,0.0,0.0,0.0,,0.0,,0.0,0.0,34963,45
0,34963,0,0.0,0.0,0.0,,0.0,,0.0,0.0,34963,50
0,34963,0,0.0,0.0,0.0,,0.0,,0.0,0.0,34963,55
0,34963,0,0.0,0.0,0.0,,0.0,,0.0,0.0,34963,60
0,34963,0,0.0,0.0,0.0,,0.0,,0.0,0.0,34963,65
0,34963,0,0.0,0.0,0.0,,0.0,,0.0,0.0,34963,70
0,34963,0,0.0,0.0,0.0,,0.0,,0.0,0.0,34963,75
0,34963,0,0.0,0.0,0.0,,0.0,,0.0,0.0,34963,80
0,34963,0,0.0,0.0,0.0,,0.0,,0.0,0.0,34963,85
0,34963,0,0.0,0.0,0.0,,0.0,,0.0,0.0,34963,90
0,34963,0,0.0,0.0,0.0,,0.0,,0.0,0.0,34963,95
