TP,FP,FN,precision,recall,F1,corr_reads_mapped,L1_reads_mapped,corr_reads_mapped_div_gene_len,L1_reads_mapped_div_gene_len,percent_correct_predictions,total_number_of_predictions,filter_threshold
18146,33523,2644,0.3511970427142,0.8728234728234728,0.5008625567562346,0.3059992748821578,0.6509694985186306,0.3795761994980558,0.6247279654590477,0.3511970427142,51669,0
1208,33523,30,0.03478160720969739,0.975767366720517,0.06716895104117433,0.35495993624485905,0.40577887697296156,0.22863133017036485,0.39250316860930623,0.03478160720969739,34731,5
59,33523,0,0.0017568935739384194,1.0,0.0035076246247138904,0.14396265848640147,0.3939531275518537,0.3506278704673967,0.36907501298755496,0.0017568935739384194,33582,10
7,33523,0,0.00020876826722338206,1.0,0.00041744938426215825,0.3909880378445095,0.39959010867513417,0.9266320700492308,0.4598418637424917,0.00020876826722338206,33530,15
2,33523,0,5.965697240865026e-05,1.0,0.00011930682733319413,1.0,0.17633966786509153,0.9999999999999998,0.17634818565488264,5.965697240865026e-05,33525,20
1,33523,0,2.982937596945472e-05,1.0,5.965697240865026e-05,,0.0,,0.0,2.982937596945472e-05,33524,25
1,33523,0,2.982937596945472e-05,1.0,5.965697240865026e-05,,0.0,,0.0,2.982937596945472e-05,33524,30
1,33523,0,2.982937596945472e-05,1.0,5.965697240865026e-05,,0.0,,0.0,2.982937596945472e-05,33524,35
0,33523,0,0.0,0.0,0.0,,0.0,,0.0,0.0,33523,40
0,33523,0,0.0,0.0,0.0,,0.0,,0.0,0.0,33523,45
0,33523,0,0.0,0.0,0.0,,0.0,,0.0,0.0,33523,50
0,33523,0,0.0,0.0,0.0,,0.0,,0.0,0.0,33523,55
0,33523,0,0.0,0.0,0.0,,0.0,,0.0,0.0,33523,60
0,33523,0,0.0,0.0,0.0,,0.0,,0.0,0.0,33523,65
0,33523,0,0.0,0.0,0.0,,0.0,,0.0,0.0,33523,70
0,33523,0,0.0,0.0,0.0,,0.0,,0.0,0.0,33523,75
0,33523,0,0.0,0.0,0.0,,0.0,,0.0,0.0,33523,80
0,33523,0,0.0,0.0,0.0,,0.0,,0.0,0.0,33523,85
0,33523,0,0.0,0.0,0.0,,0.0,,0.0,0.0,33523,90
0,33523,0,0.0,0.0,0.0,,0.0,,0.0,0.0,33523,95
