TP,FP,FN,precision,recall,F1,corr_reads_mapped,L1_reads_mapped,corr_reads_mapped_div_gene_len,L1_reads_mapped_div_gene_len,percent_correct_predictions,total_number_of_predictions,filter_threshold
17483,34294,3631,0.3376595785773606,0.8280287960594866,0.4797025695902101,0.33426869570696716,0.6200006092222076,0.3062980120913889,0.6113140505709433,0.3376595785773606,51777,0
1069,34294,19,0.030229335746401607,0.9825367647058824,0.058654083564236924,0.2974898068090117,0.4186934708992597,0.28789720980692635,0.40307212070858395,0.030229335746401607,35363,5
44,34294,0,0.0012813792300075718,1.0,0.0025594787970449656,0.1019203406891215,0.4129593810444874,0.6426899275813532,0.37282544047479593,0.0012813792300075718,34338,10
5,34294,0,0.00014577684480597102,1.0,0.0002915111940298508,0.18303574671126754,0.29839080459770106,0.8616274415413963,0.2956277907925666,0.00014577684480597102,34299,15
1,34294,0,2.9158769499927104e-05,1.0,5.8315838581758815e-05,,0.0,,0.0,2.9158769499927104e-05,34295,20
0,34294,0,0.0,0.0,0.0,,0.0,,0.0,0.0,34294,25
0,34294,0,0.0,0.0,0.0,,0.0,,0.0,0.0,34294,30
0,34294,0,0.0,0.0,0.0,,0.0,,0.0,0.0,34294,35
0,34294,0,0.0,0.0,0.0,,0.0,,0.0,0.0,34294,40
0,34294,0,0.0,0.0,0.0,,0.0,,0.0,0.0,34294,45
0,34294,0,0.0,0.0,0.0,,0.0,,0.0,0.0,34294,50
0,34294,0,0.0,0.0,0.0,,0.0,,0.0,0.0,34294,55
0,34294,0,0.0,0.0,0.0,,0.0,,0.0,0.0,34294,60
0,34294,0,0.0,0.0,0.0,,0.0,,0.0,0.0,34294,65
0,34294,0,0.0,0.0,0.0,,0.0,,0.0,0.0,34294,70
0,34294,0,0.0,0.0,0.0,,0.0,,0.0,0.0,34294,75
0,34294,0,0.0,0.0,0.0,,0.0,,0.0,0.0,34294,80
0,34294,0,0.0,0.0,0.0,,0.0,,0.0,0.0,34294,85
0,34294,0,0.0,0.0,0.0,,0.0,,0.0,0.0,34294,90
0,34294,0,0.0,0.0,0.0,,0.0,,0.0,0.0,34294,95
