TP,FP,FN,precision,recall,F1,corr_reads_mapped,L1_reads_mapped,corr_reads_mapped_div_gene_len,L1_reads_mapped_div_gene_len,percent_correct_predictions,total_number_of_predictions,filter_threshold
23401,30175,12011,0.4367813946543228,0.6608211905568734,0.5259360812693846,0.36629138573858866,0.7050769194777011,0.2801142830462337,0.6950679940499473,0.4367813946543228,53576,0
5821,30175,1463,0.1617124124902767,0.7991488193300385,0.26899260628465804,0.35982217112248743,0.5229640440440833,0.278083397149783,0.5169760787026743,0.1617124124902767,35996,5
1245,30175,153,0.03962444302991725,0.8905579399141631,0.07587299652629653,0.3177168958879899,0.470785788229353,0.40381777554221165,0.4237399821630215,0.03962444302991725,31420,10
417,30175,29,0.013631014644351465,0.9349775784753364,0.02687028803402281,0.357099786698661,0.3793109915007753,0.4851695387841688,0.3166424545867611,0.013631014644351465,30592,15
186,30175,6,0.0061262804255459305,0.96875,0.012175563774424768,0.479866411930614,0.2850023993955092,0.5657646129551528,0.25645241127369445,0.0061262804255459305,30361,20
88,30175,3,0.0029078412583022173,0.967032967032967,0.00579824734796073,0.5461308434642572,0.2615503042943852,0.6429593473515147,0.23934155527880863,0.0029078412583022173,30263,25
48,30175,2,0.0015881944214670945,0.96,0.003171142602318898,0.568373062173522,0.23517226566211064,0.7680017096810249,0.20348449439911587,0.0015881944214670945,30223,30
32,30175,1,0.0010593571026583243,0.9696969696969697,0.0021164021164021165,0.43922584296899986,0.22805955069173506,0.8162019391796578,0.1993755113217615,0.0010593571026583243,30207,35
22,30175,1,0.0007285491936285061,0.9565217391304348,0.001455989410986102,0.5388119085892583,0.2089456141349814,0.767883291621897,0.19650339709106343,0.0007285491936285061,30197,40
8,30175,0,0.00026504986250538385,1.0,0.0005299592593819351,0.8497227235363495,0.2592889678288023,0.760528368251432,0.22697544337945946,0.00026504986250538385,30183,45
4,30175,0,0.0001325424964379204,1.0,0.0002650498625053838,0.9651882570789586,0.2328879512423816,-0.8859399642785193,0.2424734472941171,0.0001325424964379204,30179,50
2,30175,0,6.627564038837525e-05,1.0,0.0001325424964379204,1.0,0.007848376054103712,1.0,0.007855334089352739,6.627564038837525e-05,30177,55
1,30175,0,3.31389183457052e-05,1.0,6.627564038837526e-05,,0.0,,0.0,3.31389183457052e-05,30176,60
0,30175,0,0.0,0.0,0.0,,0.0,,0.0,0.0,30175,65
0,30175,0,0.0,0.0,0.0,,0.0,,0.0,0.0,30175,70
0,30175,0,0.0,0.0,0.0,,0.0,,0.0,0.0,30175,75
0,30175,0,0.0,0.0,0.0,,0.0,,0.0,0.0,30175,80
0,30175,0,0.0,0.0,0.0,,0.0,,0.0,0.0,30175,85
0,30175,0,0.0,0.0,0.0,,0.0,,0.0,0.0,30175,90
0,30175,0,0.0,0.0,0.0,,0.0,,0.0,0.0,30175,95
