TP,FP,FN,precision,recall,F1,corr_reads_mapped,L1_reads_mapped,corr_reads_mapped_div_gene_len,L1_reads_mapped_div_gene_len,percent_correct_predictions,total_number_of_predictions,filter_threshold
16204,35280,4895,0.3147385595524823,0.7679984833404426,0.44649573591612357,0.292679264892905,0.6514578067456247,0.361341111540963,0.6306702594925377,0.3147385595524823,51484,0
872,35280,233,0.024120380615180348,0.7891402714932126,0.04680999543709907,0.30351251725046496,0.43019491407536303,0.2501176169733329,0.4116430811199516,0.024120380615180348,36152,5
41,35280,25,0.001160782537300756,0.6212121212121212,0.0023172351428490685,0.04609267647014092,0.47394296951819076,0.44142667494071336,0.44390748170991945,0.001160782537300756,35321,10
3,35280,8,8.502678343678259e-05,0.2727272727272727,0.00017000056666855557,-0.013872146568727973,0.5126793218374148,0.9899788506960655,0.5850222998575777,8.502678343678259e-05,35283,15
2,35280,1,5.668612890425713e-05,0.6666666666666666,0.00011336261867649143,1.0,0.3227752639517346,1.0,0.3640634370655571,5.668612890425713e-05,35282,20
1,35280,1,2.8343867804200562e-05,0.5,5.66845222911884e-05,,0.0,,0.0,2.8343867804200562e-05,35281,25
1,35280,0,2.8343867804200562e-05,1.0,5.6686128904257134e-05,,0.0,,0.0,2.8343867804200562e-05,35281,30
0,35280,0,0.0,0.0,0.0,,0.0,,0.0,0.0,35280,35
0,35280,0,0.0,0.0,0.0,,0.0,,0.0,0.0,35280,40
0,35280,0,0.0,0.0,0.0,,0.0,,0.0,0.0,35280,45
0,35280,0,0.0,0.0,0.0,,0.0,,0.0,0.0,35280,50
0,35280,0,0.0,0.0,0.0,,0.0,,0.0,0.0,35280,55
0,35280,0,0.0,0.0,0.0,,0.0,,0.0,0.0,35280,60
0,35280,0,0.0,0.0,0.0,,0.0,,0.0,0.0,35280,65
0,35280,0,0.0,0.0,0.0,,0.0,,0.0,0.0,35280,70
0,35280,0,0.0,0.0,0.0,,0.0,,0.0,0.0,35280,75
0,35280,0,0.0,0.0,0.0,,0.0,,0.0,0.0,35280,80
0,35280,0,0.0,0.0,0.0,,0.0,,0.0,0.0,35280,85
0,35280,0,0.0,0.0,0.0,,0.0,,0.0,0.0,35280,90
0,35280,0,0.0,0.0,0.0,,0.0,,0.0,0.0,35280,95
