TP,FP,FN,precision,recall,F1,corr_reads_mapped,L1_reads_mapped,corr_reads_mapped_div_gene_len,L1_reads_mapped_div_gene_len,percent_correct_predictions,total_number_of_predictions,filter_threshold
19986,32797,9484,0.37864463937252524,0.6781812012215813,0.48596403778585584,0.24132908850529233,0.8536824815092106,0.21734699977978875,0.8225598740932506,0.37864463937252524,52783,0
3127,32797,2281,0.08704487250862933,0.5782174556213018,0.15131133262363303,0.28087449406130416,0.6823684890317958,0.15319814046872535,0.6392043123187301,0.08704487250862933,35924,5
734,32797,882,0.021890191166383348,0.4542079207920792,0.0417674339203915,0.28412010018793027,0.6716396910457326,0.06286624787517593,0.6414717291939831,0.021890191166383348,33531,10
262,32797,433,0.007925224598445205,0.376978417266187,0.015524086034247795,0.25151605059513193,0.7079677087539458,-0.05960047011838667,0.668760229924801,0.007925224598445205,33059,15
108,32797,296,0.0032821759611001366,0.26732673267326734,0.006484733855714671,0.33787921073599686,0.6437722023801223,-0.03190756870768153,0.6217578968979003,0.0032821759611001366,32905,20
57,32797,248,0.0017349485602970718,0.18688524590163935,0.003437980638740613,0.26236001046525065,0.6323899234642915,0.1060770488278081,0.5979622893849541,0.0017349485602970718,32854,25
30,32797,233,0.0009138818655375149,0.11406844106463879,0.0018132366273798733,0.19672733007549761,0.6147062033045132,0.061192078604745646,0.5786337460615124,0.0009138818655375149,32827,30
22,32797,224,0.0006703433986410311,0.08943089430894309,0.00133071223347951,0.3032961543123589,0.6577187807276303,0.08520654973298332,0.6261118560808211,0.0006703433986410311,32819,35
12,32797,208,0.00036575329939955503,0.05454545454545454,0.0007266341699718429,0.25661106228931274,0.6782572509701832,-0.19237484683368333,0.6449873730221455,0.00036575329939955503,32809,40
5,32797,195,0.00015242972989451862,0.025,0.00030301193867038356,0.3946772266527954,0.7744095427435388,-0.23714683908553386,0.772887049986208,0.00015242972989451862,32802,45
3,32797,181,9.146341463414634e-05,0.016304347826086956,0.0001819063788503517,-0.9984427709212879,0.527763041556145,-0.3032039050578739,0.5157242529163157,9.146341463414634e-05,32800,50
0,32797,171,0.0,0.0,0.0,,0.0,,0.0,0.0,32797,55
0,32797,157,0.0,0.0,0.0,,0.0,,0.0,0.0,32797,60
0,32797,145,0.0,0.0,0.0,,0.0,,0.0,0.0,32797,65
0,32797,136,0.0,0.0,0.0,,0.0,,0.0,0.0,32797,70
0,32797,129,0.0,0.0,0.0,,0.0,,0.0,0.0,32797,75
0,32797,124,0.0,0.0,0.0,,0.0,,0.0,0.0,32797,80
0,32797,123,0.0,0.0,0.0,,0.0,,0.0,0.0,32797,85
0,32797,109,0.0,0.0,0.0,,0.0,,0.0,0.0,32797,90
0,32797,101,0.0,0.0,0.0,,0.0,,0.0,0.0,32797,95
