TP,FP,FN,precision,recall,F1,corr_reads_mapped,L1_reads_mapped,corr_reads_mapped_div_gene_len,L1_reads_mapped_div_gene_len,percent_correct_predictions,total_number_of_predictions,filter_threshold
10800,39361,5495,0.2153067123861167,0.6627799938631482,0.32502708559046584,0.250878990194429,0.7563401038427218,0.27806387619849193,0.7303544120556851,0.2153067123861167,50161,0
471,39361,603,0.011824663587065676,0.43854748603351956,0.02302840659072019,0.2926320364732689,0.6723842527933175,0.04426874052553554,0.6297707201685067,0.011824663587065676,39832,5
44,39361,242,0.0011166095673137927,0.15384615384615385,0.0022171273084578367,0.17480435021996707,0.6679563533188704,-0.03249073650440158,0.6519948570699219,0.0011166095673137927,39405,10
11,39361,206,0.00027938636594534186,0.05069124423963134,0.0005557099194220616,0.6566141890341423,0.5491820178387343,0.2646101486948265,0.4941965284377453,0.00027938636594534186,39372,15
0,39361,164,0.0,0.0,0.0,,0.0,,0.0,0.0,39361,20
0,39361,139,0.0,0.0,0.0,,0.0,,0.0,0.0,39361,25
0,39361,109,0.0,0.0,0.0,,0.0,,0.0,0.0,39361,30
0,39361,88,0.0,0.0,0.0,,0.0,,0.0,0.0,39361,35
0,39361,78,0.0,0.0,0.0,,0.0,,0.0,0.0,39361,40
0,39361,59,0.0,0.0,0.0,,0.0,,0.0,0.0,39361,45
0,39361,51,0.0,0.0,0.0,,0.0,,0.0,0.0,39361,50
0,39361,39,0.0,0.0,0.0,,0.0,,0.0,0.0,39361,55
0,39361,30,0.0,0.0,0.0,,0.0,,0.0,0.0,39361,60
0,39361,22,0.0,0.0,0.0,,0.0,,0.0,0.0,39361,65
0,39361,17,0.0,0.0,0.0,,0.0,,0.0,0.0,39361,70
0,39361,11,0.0,0.0,0.0,,0.0,,0.0,0.0,39361,75
0,39361,8,0.0,0.0,0.0,,0.0,,0.0,0.0,39361,80
0,39361,8,0.0,0.0,0.0,,0.0,,0.0,0.0,39361,85
0,39361,7,0.0,0.0,0.0,,0.0,,0.0,0.0,39361,90
0,39361,4,0.0,0.0,0.0,,0.0,,0.0,0.0,39361,95
