TP,FP,FN,precision,recall,F1,corr_reads_mapped,L1_reads_mapped,corr_reads_mapped_div_gene_len,L1_reads_mapped_div_gene_len,percent_correct_predictions,total_number_of_predictions,filter_threshold
14508,36678,7377,0.2834368772711288,0.6629198080877313,0.3970932380835078,0.31764643917766683,0.6679697833849496,0.3403523934400509,0.6603413867238572,0.2834368772711288,51186,0
754,36678,114,0.02014319298995512,0.868663594470046,0.039373368146214095,0.33578716975145173,0.44770597098536175,0.34182284073159985,0.4319143401542383,0.02014319298995512,37432,5
115,36678,3,0.003125594542440138,0.9745762711864406,0.0062312047899000305,0.39223288746122803,0.3521476414488298,0.5237795079351992,0.33028728305694555,0.003125594542440138,36793,10
23,36678,2,0.0006266859213645405,0.92,0.001252518651636443,0.34217446469849105,0.35470715835141,0.4674815861910693,0.33358612004184846,0.0006266859213645405,36701,15
4,36678,0,0.00010904530832560929,1.0,0.00021806683748568935,0.4582232993934944,0.3095440084835631,0.6917357616267139,0.32892755104655225,0.00010904530832560929,36682,20
1,36678,0,2.7263556803620602e-05,1.0,5.452562704471101e-05,,0.0,,0.0,2.7263556803620602e-05,36679,25
0,36678,0,0.0,0.0,0.0,,0.0,,0.0,0.0,36678,30
0,36678,0,0.0,0.0,0.0,,0.0,,0.0,0.0,36678,35
0,36678,0,0.0,0.0,0.0,,0.0,,0.0,0.0,36678,40
0,36678,0,0.0,0.0,0.0,,0.0,,0.0,0.0,36678,45
0,36678,0,0.0,0.0,0.0,,0.0,,0.0,0.0,36678,50
0,36678,0,0.0,0.0,0.0,,0.0,,0.0,0.0,36678,55
0,36678,0,0.0,0.0,0.0,,0.0,,0.0,0.0,36678,60
0,36678,0,0.0,0.0,0.0,,0.0,,0.0,0.0,36678,65
0,36678,0,0.0,0.0,0.0,,0.0,,0.0,0.0,36678,70
0,36678,0,0.0,0.0,0.0,,0.0,,0.0,0.0,36678,75
0,36678,0,0.0,0.0,0.0,,0.0,,0.0,0.0,36678,80
0,36678,0,0.0,0.0,0.0,,0.0,,0.0,0.0,36678,85
0,36678,0,0.0,0.0,0.0,,0.0,,0.0,0.0,36678,90
0,36678,0,0.0,0.0,0.0,,0.0,,0.0,0.0,36678,95
