TP,FP,FN,precision,recall,F1,corr_reads_mapped,L1_f_unique_weighted_reads_mapped,corr_ave_abund,L1_average_abund_reads_mapped_div_gene_len,percent_correct_predictions,total_number_of_predictions,filter_threshold
5684,1163,13084,0.8301445888710384,0.30285592497868713,0.44380245949638886,0.4280983151457613,0.46575205298568667,0.2549339392562703,0.45017133007015675,0.8301445888710384,6847,0
700,1163,383,0.3757380568974772,0.6463527239150508,0.47522063815342847,0.44539977753491944,0.4054710532468443,0.27013444367036527,0.3309627950049339,0.3757380568974772,1863,5
23,1163,193,0.0193929173693086,0.10648148148148148,0.03281027104136947,0.5344419023847465,0.4513679670042314,0.4459222082833553,0.32716446787489234,0.0193929173693086,1186,10
5,1163,146,0.004280821917808219,0.033112582781456956,0.00758150113722517,0.9553518613292505,0.09869593770517576,0.6839762052879095,0.14702475783323998,0.004280821917808219,1168,15
3,1163,111,0.002572898799313894,0.02631578947368421,0.004687500000000001,0.9896541529783587,0.09173179761409292,0.3868261945629373,0.07249415416374266,0.002572898799313894,1166,20
1,1163,86,0.000859106529209622,0.011494252873563218,0.0015987210231814548,,0.0,,0.0,0.000859106529209622,1164,25
0,1163,60,0.0,0.0,0.0,,0.0,,0.0,0.0,1163,30
0,1163,45,0.0,0.0,0.0,,0.0,,0.0,0.0,1163,35
0,1163,33,0.0,0.0,0.0,,0.0,,0.0,0.0,1163,40
0,1163,19,0.0,0.0,0.0,,0.0,,0.0,0.0,1163,45
0,1163,14,0.0,0.0,0.0,,0.0,,0.0,0.0,1163,50
0,1163,12,0.0,0.0,0.0,,0.0,,0.0,0.0,1163,55
0,1163,9,0.0,0.0,0.0,,0.0,,0.0,0.0,1163,60
0,1163,4,0.0,0.0,0.0,,0.0,,0.0,0.0,1163,65
0,1163,3,0.0,0.0,0.0,,0.0,,0.0,0.0,1163,70
0,1163,3,0.0,0.0,0.0,,0.0,,0.0,0.0,1163,75
0,1163,2,0.0,0.0,0.0,,0.0,,0.0,0.0,1163,80
0,1163,1,0.0,0.0,0.0,,0.0,,0.0,0.0,1163,85
0,1163,1,0.0,0.0,0.0,,0.0,,0.0,0.0,1163,90
0,1163,0,0.0,0.0,0.0,,0.0,,0.0,0.0,1163,95
