TP,FP,FN,precision,recall,F1,corr_reads_mapped,L1_f_unique_weighted_reads_mapped,corr_ave_abund,L1_average_abund_reads_mapped_div_gene_len,percent_correct_predictions,total_number_of_predictions,filter_threshold
7902,3594,23091,0.6873695198329853,0.25496079759945794,0.3719550942596907,0.3440363165800256,0.6428463084154571,0.2236759740814632,0.6062520652402013,0.6873695198329853,11496,0
3392,3594,3685,0.4855425135986258,0.47929913805284724,0.4824006257555287,0.4587054805622542,0.4334052089158808,0.24115494493106096,0.3207705667214955,0.4855425135986258,6986,5
1074,3594,810,0.2300771208226221,0.5700636942675159,0.32783882783882784,0.44115289030516724,0.408882483954958,0.21926129311463707,0.286977774529546,0.2300771208226221,4668,10
327,3594,351,0.08339709257842387,0.4823008849557522,0.14220482713633398,0.3516733793779271,0.4266813144930999,0.22626539944050753,0.2947139062822844,0.08339709257842387,3921,15
94,3594,256,0.0254880694143167,0.26857142857142857,0.046557701832590385,0.49122856846936097,0.36339113010733853,0.3208881334995522,0.25696265853118455,0.0254880694143167,3688,20
32,3594,233,0.00882515168229454,0.12075471698113208,0.01644821382677975,0.360756380695203,0.42635894195025104,0.3798146475756782,0.31761329070771044,0.00882515168229454,3626,25
10,3594,219,0.002774694783573807,0.043668122270742356,0.005217845030002609,0.018279225224124486,0.45603608898095555,0.810866175339824,0.3829706255301315,0.002774694783573807,3604,30
7,3594,210,0.0019439044709802832,0.03225806451612903,0.003666841278156103,0.40711881847717724,0.2800661461866192,0.8858914101587481,0.3428704485688056,0.0019439044709802832,3601,35
4,3594,201,0.0011117287381878821,0.01951219512195122,0.002103602419142782,0.5508288142687342,0.13990610328638495,0.8141793761680973,0.1473611766422287,0.0011117287381878821,3598,40
4,3594,183,0.0011117287381878821,0.0213903743315508,0.0021136063408190224,0.5508288142687342,0.13990610328638495,0.8141793761680973,0.1473611766422287,0.0011117287381878821,3598,45
2,3594,170,0.0005561735261401557,0.011627906976744186,0.0010615711252653928,1.0,0.1103808755140474,1.0,0.030430773322192572,0.0005561735261401557,3596,50
1,3594,162,0.0002781641168289291,0.006134969325153374,0.0005321979776476849,,0.0,,0.0,0.0002781641168289291,3595,55
1,3594,144,0.0002781641168289291,0.006896551724137931,0.0005347593582887701,,0.0,,0.0,0.0002781641168289291,3595,60
1,3594,135,0.0002781641168289291,0.007352941176470588,0.0005360493165371214,,0.0,,0.0,0.0002781641168289291,3595,65
0,3594,126,0.0,0.0,0.0,,0.0,,0.0,0.0,3594,70
0,3594,116,0.0,0.0,0.0,,0.0,,0.0,0.0,3594,75
0,3594,109,0.0,0.0,0.0,,0.0,,0.0,0.0,3594,80
0,3594,100,0.0,0.0,0.0,,0.0,,0.0,0.0,3594,85
0,3594,93,0.0,0.0,0.0,,0.0,,0.0,0.0,3594,90
0,3594,83,0.0,0.0,0.0,,0.0,,0.0,0.0,3594,95
