TP,FP,FN,precision,recall,F1,corr_reads_mapped,L1_f_unique_weighted_reads_mapped,corr_ave_abund,L1_average_abund_reads_mapped_div_gene_len,percent_correct_predictions,total_number_of_predictions,filter_threshold
10224,3488,22957,0.7456242707117853,0.30812814562550855,0.43605655428315526,0.5119525374142467,0.608414160367748,0.47934258798467266,0.570073457414396,0.7456242707117853,13712,0
4400,3488,2134,0.5578093306288032,0.6734006734006734,0.6101788933573707,0.5017434053888074,0.5170099309572231,0.5097392736613859,0.3982736568599896,0.5578093306288032,7888,5
1380,3488,188,0.28348397699260475,0.8801020408163265,0.4288377874456184,0.44366030862502254,0.47415600746043285,0.5578086047671628,0.36781030152189464,0.28348397699260475,4868,10
543,3488,28,0.13470602828082362,0.9509632224168126,0.2359843546284224,0.4627297254130393,0.41144878088053627,0.5200112911264364,0.2928681119649872,0.13470602828082362,4031,15
308,3488,3,0.08113804004214963,0.9903536977491961,0.14998782566350133,0.5033086991116089,0.3666179651600598,0.576583075177058,0.22908566953021914,0.08113804004214963,3796,20
179,3488,2,0.048813744205072264,0.988950276243094,0.09303534303534304,0.5325444953477152,0.33065472559580267,0.5521429968970162,0.19394744533773145,0.048813744205072264,3667,25
107,3488,0,0.02976356050069541,1.0,0.05780659103187466,0.6055183383573676,0.29963130737743454,0.7966064471741441,0.14824861325473632,0.02976356050069541,3595,30
65,3488,0,0.01829439909935266,1.0,0.035931453841901606,0.47831209779698736,0.31393710434111244,0.7657110328478338,0.1363958631064734,0.01829439909935266,3553,35
46,3488,0,0.013016411997736276,1.0,0.02569832402234637,0.31975898846045253,0.3117825011221133,0.7348754200267861,0.14873167002634266,0.013016411997736276,3534,40
31,3488,0,0.008809320829781187,1.0,0.017464788732394362,0.21018321160311176,0.3409233903865467,0.746376423400507,0.1557204540545044,0.008809320829781187,3519,45
18,3488,0,0.00513405590416429,1.0,0.010215664018161178,0.048447619657796745,0.3402592374483284,0.6108910434900312,0.17157544310275688,0.00513405590416429,3506,50
10,3488,0,0.002858776443682104,1.0,0.005701254275940707,-0.24401826296686288,0.3848683780594102,0.19174291816414588,0.15377317589500977,0.002858776443682104,3498,55
5,3488,0,0.0014314342971657602,1.0,0.0028587764436821044,-0.4743465173727188,0.5870263326909042,-0.12183913499973686,0.2349936722056455,0.0014314342971657602,3493,60
4,3488,0,0.001145475372279496,1.0,0.002288329519450801,-0.14385106567781797,0.4679766557797702,0.6938401045244431,0.1423008904498962,0.001145475372279496,3492,65
1,3488,0,0.00028661507595299513,1.0,0.0005730659025787965,,0.0,,0.0,0.00028661507595299513,3489,70
1,3488,0,0.00028661507595299513,1.0,0.0005730659025787965,,0.0,,0.0,0.00028661507595299513,3489,75
1,3488,0,0.00028661507595299513,1.0,0.0005730659025787965,,0.0,,0.0,0.00028661507595299513,3489,80
0,3488,0,0.0,0.0,0.0,,0.0,,0.0,0.0,3488,85
0,3488,0,0.0,0.0,0.0,,0.0,,0.0,0.0,3488,90
0,3488,0,0.0,0.0,0.0,,0.0,,0.0,0.0,3488,95
