TP,FP,FN,precision,recall,F1,corr_reads_mapped,L1_f_unique_weighted_reads_mapped,corr_ave_abund,L1_average_abund_reads_mapped_div_gene_len,percent_correct_predictions,total_number_of_predictions,filter_threshold
2474,4907,20088,0.33518493429074653,0.10965339952131903,0.16524730320943123,0.30906314463122087,0.946864166328756,-0.17150273701739122,0.6570942899646173,0.33518493429074653,7381,0
78,4907,635,0.0156469408224674,0.1093969144460028,0.02737802737802738,0.43741333245636355,1.0660949315501784,-0.5514805135470733,0.7276355901805334,0.0156469408224674,4985,5
3,4907,19,0.0006109979633401223,0.13636363636363635,0.0012165450121654502,0.9504653251216053,0.6640666286173587,-0.4658678983871754,0.449987420221141,0.0006109979633401223,4910,10
1,4907,2,0.00020374898125509371,0.3333333333333333,0.00040724903278354713,,0.0,,0.0,0.00020374898125509371,4908,15
0,4907,1,0.0,0.0,0.0,,0.0,,0.0,0.0,4907,20
0,4907,1,0.0,0.0,0.0,,0.0,,0.0,0.0,4907,25
0,4907,0,0.0,0.0,0.0,,0.0,,0.0,0.0,4907,30
0,4907,0,0.0,0.0,0.0,,0.0,,0.0,0.0,4907,35
0,4907,0,0.0,0.0,0.0,,0.0,,0.0,0.0,4907,40
0,4907,0,0.0,0.0,0.0,,0.0,,0.0,0.0,4907,45
0,4907,0,0.0,0.0,0.0,,0.0,,0.0,0.0,4907,50
0,4907,0,0.0,0.0,0.0,,0.0,,0.0,0.0,4907,55
0,4907,0,0.0,0.0,0.0,,0.0,,0.0,0.0,4907,60
0,4907,0,0.0,0.0,0.0,,0.0,,0.0,0.0,4907,65
0,4907,0,0.0,0.0,0.0,,0.0,,0.0,0.0,4907,70
0,4907,0,0.0,0.0,0.0,,0.0,,0.0,0.0,4907,75
0,4907,0,0.0,0.0,0.0,,0.0,,0.0,0.0,4907,80
0,4907,0,0.0,0.0,0.0,,0.0,,0.0,0.0,4907,85
0,4907,0,0.0,0.0,0.0,,0.0,,0.0,0.0,4907,90
0,4907,0,0.0,0.0,0.0,,0.0,,0.0,0.0,4907,95
