TP,FP,FN,precision,recall,F1,corr_reads_mapped,L1_f_unique_weighted_reads_mapped,corr_ave_abund,L1_average_abund_reads_mapped_div_gene_len,percent_correct_predictions,total_number_of_predictions,filter_threshold
9847,1655,25313,0.856111980525126,0.2800625711035267,0.42205649136342205,0.5096647647709799,0.6949624686319691,0.4171030608462635,0.46559563903420054,0.856111980525126,11502,0
3582,1655,4664,0.6839793775062059,0.43439243269463984,0.5313357561373581,0.4337179757927688,0.6588810663173713,0.2955386703935706,0.38908266901249944,0.6839793775062059,5237,5
835,1655,920,0.3353413654618474,0.4757834757834758,0.3934040047114253,0.33772857494541186,0.6149970556155374,0.05424456861900557,0.4207712328109925,0.3353413654618474,2490,10
211,1655,270,0.11307609860664523,0.4386694386694387,0.17980400511291011,0.23996553740980353,0.6299414568513151,-0.06088079343675158,0.4561828979078201,0.11307609860664523,1866,15
65,1655,120,0.0377906976744186,0.35135135135135137,0.06824146981627296,0.2413491430580993,0.6412500944009327,-0.0024612714062961444,0.457187038888081,0.0377906976744186,1720,20
26,1655,64,0.015466983938132063,0.28888888888888886,0.029361942405420664,0.4585318664269459,0.5489720565421781,0.19624836411116053,0.3971555026954033,0.015466983938132063,1681,25
11,1655,47,0.006602641056422569,0.1896551724137931,0.012761020881670533,0.8858434743288179,0.4092430278882253,0.5964639342429955,0.2322891600101078,0.006602641056422569,1666,30
6,1655,33,0.003612281757977122,0.15384615384615385,0.007058823529411764,0.9644554455694023,0.514390872285365,0.697498335430519,0.3461312091161992,0.003612281757977122,1661,35
2,1655,20,0.0012070006035003018,0.09090909090909091,0.0023823704586063135,1.0,0.43607078714649916,-1.0,0.4900211118114311,0.0012070006035003018,1657,40
1,1655,13,0.0006038647342995169,0.07142857142857142,0.0011976047904191614,,0.0,,0.0,0.0006038647342995169,1656,45
1,1655,9,0.0006038647342995169,0.1,0.0012004801920768306,,0.0,,0.0,0.0006038647342995169,1656,50
1,1655,3,0.0006038647342995169,0.25,0.0012048192771084336,,0.0,,0.0,0.0006038647342995169,1656,55
0,1655,2,0.0,0.0,0.0,,0.0,,0.0,0.0,1655,60
0,1655,0,0.0,0.0,0.0,,0.0,,0.0,0.0,1655,65
0,1655,0,0.0,0.0,0.0,,0.0,,0.0,0.0,1655,70
0,1655,0,0.0,0.0,0.0,,0.0,,0.0,0.0,1655,75
0,1655,0,0.0,0.0,0.0,,0.0,,0.0,0.0,1655,80
0,1655,0,0.0,0.0,0.0,,0.0,,0.0,0.0,1655,85
0,1655,0,0.0,0.0,0.0,,0.0,,0.0,0.0,1655,90
0,1655,0,0.0,0.0,0.0,,0.0,,0.0,0.0,1655,95
