TP,FP,FN,precision,recall,F1,corr_reads_mapped,L1_f_unique_weighted_reads_mapped,corr_ave_abund,L1_average_abund_reads_mapped_div_gene_len,percent_correct_predictions,total_number_of_predictions,filter_threshold
4423,4094,28390,0.5193143125513678,0.13479413647030142,0.21403338978949915,0.2697429833487106,1.0251219390624948,-0.03988482258549857,0.8158509792151694,0.5193143125513678,8517,0
1963,4094,6090,0.32408783226019483,0.24376008940767416,0.27824238128986534,0.34787373327670823,0.9172387500350925,-0.11140957973408572,0.610458406271088,0.32408783226019483,6057,5
819,4094,840,0.16670059027071035,0.4936708860759494,0.24923919659160076,0.4337631347224545,0.884468637613814,-0.18895795536724638,0.5597430509870291,0.16670059027071035,4913,10
339,4094,164,0.0764719151815926,0.6739562624254473,0.1373581847649919,0.4491513969010658,0.8520687342571069,-0.23660716622606706,0.48326927201746883,0.0764719151815926,4433,15
151,4094,50,0.035571260306242636,0.7512437810945274,0.06792622582096267,0.49082752085401743,0.8185539158329889,-0.35193431691732857,0.4338334552896348,0.035571260306242636,4245,20
87,4094,19,0.020808419038507536,0.8207547169811321,0.040587823652904136,0.47312840378421006,0.8204613763428773,-0.4627288456521512,0.4084837084681381,0.020808419038507536,4181,25
51,4094,5,0.012303980699638117,0.9107142857142857,0.02427993334920257,0.5844053089857134,0.8501513508526803,-0.4995528211846003,0.42469710365809565,0.012303980699638117,4145,30
33,4094,2,0.007996123091834261,0.9428571428571428,0.01585776069197501,0.572729332056457,0.8637658626280379,-0.46685285155263884,0.4293453474872146,0.007996123091834261,4127,35
23,4094,2,0.00558659217877095,0.92,0.011105746016417188,0.557798394962996,0.8583056397170468,-0.4795330419695427,0.4830521367926395,0.00558659217877095,4117,40
14,4094,0,0.0034079844206426485,1.0,0.006792819019893255,0.40025930094483375,0.8363540914003416,-0.731736570743161,0.5861842213841043,0.0034079844206426485,4108,45
5,4094,0,0.0012198097096852891,1.0,0.0024366471734892786,0.44860038618476283,0.6664789285231525,-0.962137053949792,0.6268070391352775,0.0012198097096852891,4099,50
2,4094,0,0.00048828125,1.0,0.0009760858955588092,0.9999999999999999,0.5919860627177924,-1.0,0.7446048325031929,0.00048828125,4096,55
2,4094,0,0.00048828125,1.0,0.0009760858955588092,0.9999999999999999,0.5919860627177924,-1.0,0.7446048325031929,0.00048828125,4096,60
0,4094,0,0.0,0.0,0.0,,0.0,,0.0,0.0,4094,65
0,4094,0,0.0,0.0,0.0,,0.0,,0.0,0.0,4094,70
0,4094,0,0.0,0.0,0.0,,0.0,,0.0,0.0,4094,75
0,4094,0,0.0,0.0,0.0,,0.0,,0.0,0.0,4094,80
0,4094,0,0.0,0.0,0.0,,0.0,,0.0,0.0,4094,85
0,4094,0,0.0,0.0,0.0,,0.0,,0.0,0.0,4094,90
0,4094,0,0.0,0.0,0.0,,0.0,,0.0,0.0,4094,95
