TP,FP,FN,precision,recall,F1,corr_reads_mapped,L1_f_unique_weighted_reads_mapped,corr_ave_abund,L1_average_abund_reads_mapped_div_gene_len,percent_correct_predictions,total_number_of_predictions,filter_threshold
10649,1666,23369,0.8647178237921235,0.3130401552119466,0.45967237174368164,0.5093894209834516,0.5877969188870791,0.48059317195143963,0.5158804118861577,0.8647178237921235,12315,0
4181,1666,2817,0.7150675560116299,0.5974564161188911,0.650992604126119,0.5060719295984621,0.5339362177221454,0.549153946041218,0.45239472948404874,0.7150675560116299,5847,5
1019,1666,403,0.37951582867783984,0.7165963431786216,0.49622595568541517,0.5827635497953136,0.44341917832028677,0.6394094000528044,0.4269560619688892,0.37951582867783984,2685,10
437,1666,189,0.20779838326200667,0.6980830670926518,0.3202638329058264,0.6434859888347453,0.3290226458268865,0.6569067464990673,0.2734811314293204,0.20779838326200667,2103,15
255,1666,112,0.13274336283185842,0.6948228882833788,0.22290209790209795,0.6866387334523978,0.2799378258286597,0.5654817231642837,0.20205578451797176,0.13274336283185842,1921,20
162,1666,82,0.0886214442013129,0.6639344262295082,0.15637065637065636,0.7775316922029114,0.2371691886203553,0.711200526230027,0.15741729537638,0.0886214442013129,1828,25
102,1666,63,0.057692307692307696,0.6181818181818182,0.10553543714433525,0.7513407646262492,0.24972753309730997,0.7267766419135132,0.15565213628508281,0.057692307692307696,1768,30
62,1666,48,0.03587962962962963,0.5636363636363636,0.06746463547334058,0.7250219505438453,0.26226172931492225,0.6206337825309453,0.1608556263637161,0.03587962962962963,1728,35
47,1666,37,0.027437244600116754,0.5595238095238095,0.05230940456316082,0.6561524819854553,0.26764732054373724,0.5789575530779332,0.1536120102768606,0.027437244600116754,1713,40
30,1666,21,0.01768867924528302,0.5882352941176471,0.0343445907269605,0.6023703109066344,0.23544237515920394,0.5408008722561107,0.15401514478027284,0.01768867924528302,1696,45
20,1666,13,0.011862396204033215,0.6060606060606061,0.02326934264107039,0.625709880586481,0.2431978501846504,0.47071366345042437,0.1733132059810587,0.011862396204033215,1686,50
13,1666,10,0.007742703990470518,0.5652173913043478,0.015276145710928321,0.4839363865545952,0.2645498860534571,0.5336428183150387,0.2066254793122402,0.007742703990470518,1679,55
7,1666,8,0.0041841004184100415,0.4666666666666667,0.00829383886255924,0.668423683782726,0.31931867949747667,-0.39189629525687153,0.26155274468976575,0.0041841004184100415,1673,60
3,1666,6,0.0017974835230677051,0.3333333333333333,0.003575685339690107,-0.9619441004207802,0.2604722010661459,-0.9964830469881277,0.32305383319044423,0.0017974835230677051,1669,65
0,1666,3,0.0,0.0,0.0,,0.0,,0.0,0.0,1666,70
0,1666,3,0.0,0.0,0.0,,0.0,,0.0,0.0,1666,75
0,1666,2,0.0,0.0,0.0,,0.0,,0.0,0.0,1666,80
0,1666,2,0.0,0.0,0.0,,0.0,,0.0,0.0,1666,85
0,1666,1,0.0,0.0,0.0,,0.0,,0.0,0.0,1666,90
0,1666,0,0.0,0.0,0.0,,0.0,,0.0,0.0,1666,95
