TP,FP,FN,precision,recall,F1,corr_reads_mapped,L1_f_unique_weighted_reads_mapped,corr_ave_abund,L1_average_abund_reads_mapped_div_gene_len,percent_correct_predictions,total_number_of_predictions,filter_threshold
4207,2059,14821,0.6714012128949888,0.2210952280849275,0.33264805882818055,0.4713399433282032,0.5214893362504207,0.3681437442448658,0.5612823111612038,0.6714012128949888,6266,0
671,2059,345,0.24578754578754577,0.6604330708661418,0.3582487987186332,0.49118039441999384,0.3990704833846522,0.41299624711126287,0.3302864213932682,0.24578754578754577,2730,5
91,2059,104,0.04232558139534884,0.4666666666666667,0.07761194029850747,0.47578972491939586,0.32145118177733245,0.571286454627816,0.25103356996489845,0.04232558139534884,2150,10
14,2059,53,0.006753497346840328,0.208955223880597,0.013084112149532711,0.32590519614719765,0.26447698344339177,0.7319362686122786,0.1622117352786363,0.006753497346840328,2073,15
2,2059,24,0.0009704027171276079,0.07692307692307693,0.0019166267369429804,1.0,0.025563909774436178,1.0,0.3192700353829067,0.0009704027171276079,2061,20
1,2059,10,0.0004854368932038835,0.09090909090909091,0.0009657170449058426,,0.0,,0.0,0.0004854368932038835,2060,25
0,2059,7,0.0,0.0,0.0,,0.0,,0.0,0.0,2059,30
0,2059,1,0.0,0.0,0.0,,0.0,,0.0,0.0,2059,35
0,2059,0,0.0,0.0,0.0,,0.0,,0.0,0.0,2059,40
0,2059,0,0.0,0.0,0.0,,0.0,,0.0,0.0,2059,45
0,2059,0,0.0,0.0,0.0,,0.0,,0.0,0.0,2059,50
0,2059,0,0.0,0.0,0.0,,0.0,,0.0,0.0,2059,55
0,2059,0,0.0,0.0,0.0,,0.0,,0.0,0.0,2059,60
0,2059,0,0.0,0.0,0.0,,0.0,,0.0,0.0,2059,65
0,2059,0,0.0,0.0,0.0,,0.0,,0.0,0.0,2059,70
0,2059,0,0.0,0.0,0.0,,0.0,,0.0,0.0,2059,75
0,2059,0,0.0,0.0,0.0,,0.0,,0.0,0.0,2059,80
0,2059,0,0.0,0.0,0.0,,0.0,,0.0,0.0,2059,85
0,2059,0,0.0,0.0,0.0,,0.0,,0.0,0.0,2059,90
0,2059,0,0.0,0.0,0.0,,0.0,,0.0,0.0,2059,95
