TP,FP,FN,precision,recall,F1,corr_reads_mapped,L1_f_unique_weighted_reads_mapped,corr_ave_abund,L1_average_abund_reads_mapped_div_gene_len,percent_correct_predictions,total_number_of_predictions,filter_threshold
4327,1928,16606,0.6917665867306155,0.2067071131705919,0.31830219214359273,0.3803271454712664,0.49941143298302754,0.26057774183973637,0.5222239333363583,0.6917665867306155,6255,0
654,1928,193,0.2532920216886135,0.7721369539551358,0.38145231846019245,0.5229115478493669,0.3269558223025386,0.41562559670164156,0.3764336046917557,0.2532920216886135,2582,5
81,1928,4,0.04031856645097063,0.9529411764705882,0.07736389684813753,0.3727970569403834,0.21473675745413792,0.4385613286306493,0.27904769201194585,0.04031856645097063,2009,10
17,1928,0,0.008740359897172237,1.0,0.017329255861365953,0.15824698660810627,0.1963213213213213,0.44042158797660724,0.23990813190880195,0.008740359897172237,1945,15
1,1928,0,0.0005184033177812338,1.0,0.0010362694300518134,,0.0,,0.0,0.0005184033177812338,1929,20
0,1928,0,0.0,0.0,0.0,,0.0,,0.0,0.0,1928,25
0,1928,0,0.0,0.0,0.0,,0.0,,0.0,0.0,1928,30
0,1928,0,0.0,0.0,0.0,,0.0,,0.0,0.0,1928,35
0,1928,0,0.0,0.0,0.0,,0.0,,0.0,0.0,1928,40
0,1928,0,0.0,0.0,0.0,,0.0,,0.0,0.0,1928,45
0,1928,0,0.0,0.0,0.0,,0.0,,0.0,0.0,1928,50
0,1928,0,0.0,0.0,0.0,,0.0,,0.0,0.0,1928,55
0,1928,0,0.0,0.0,0.0,,0.0,,0.0,0.0,1928,60
0,1928,0,0.0,0.0,0.0,,0.0,,0.0,0.0,1928,65
0,1928,0,0.0,0.0,0.0,,0.0,,0.0,0.0,1928,70
0,1928,0,0.0,0.0,0.0,,0.0,,0.0,0.0,1928,75
0,1928,0,0.0,0.0,0.0,,0.0,,0.0,0.0,1928,80
0,1928,0,0.0,0.0,0.0,,0.0,,0.0,0.0,1928,85
0,1928,0,0.0,0.0,0.0,,0.0,,0.0,0.0,1928,90
0,1928,0,0.0,0.0,0.0,,0.0,,0.0,0.0,1928,95
