TP,FP,FN,precision,recall,F1,corr_reads_mapped,L1_f_unique_weighted_reads_mapped,corr_ave_abund,L1_average_abund_reads_mapped_div_gene_len,percent_correct_predictions,total_number_of_predictions,filter_threshold
9575,3819,25412,0.7148723308944304,0.27367307857204104,0.39581653955065005,0.3375487341191209,0.6860553011575428,0.3227569837323718,0.6018561801800951,0.7148723308944304,13394,0
3221,3819,4135,0.4575284090909091,0.43787384448069605,0.4474854126146152,0.35015173666461924,0.5356987186219331,0.41032780638616045,0.430414294733869,0.4575284090909091,7040,5
914,3819,688,0.19311219099936616,0.5705368289637952,0.28855564325177585,0.22744605393262937,0.49411270323119283,0.26588955542809745,0.3450555642565779,0.19311219099936616,4733,10
365,3819,126,0.08723709369024857,0.7433808553971487,0.15614973262032086,0.4334791838235991,0.3830941041865594,0.3881639101314786,0.251178816528023,0.08723709369024857,4184,15
169,3819,29,0.042377131394182546,0.8535353535353535,0.08074534161490683,0.28212782218125443,0.4036186925435793,0.3027738385131131,0.25522659959139593,0.042377131394182546,3988,20
86,3819,12,0.022023047375160053,0.8775510204081632,0.042967774169372974,0.2515583912245532,0.3912519944686339,0.24479500415432398,0.2395919219793178,0.022023047375160053,3905,25
45,3819,6,0.011645962732919254,0.8823529411764706,0.022988505747126436,0.4497276519558433,0.32677380669801775,0.5983620948227127,0.18095042923013413,0.011645962732919254,3864,30
21,3819,3,0.00546875,0.875,0.010869565217391302,0.44309878617413634,0.32195364872621135,0.6605045700516547,0.1645286026581028,0.00546875,3840,35
10,3819,3,0.0026116479498563593,0.7692307692307693,0.0052056220718375845,0.447651531508729,0.3979967099879047,0.7870115578638731,0.2160186329830543,0.0026116479498563593,3829,40
5,3819,1,0.001307531380753138,0.8333333333333334,0.0026109660574412533,0.8255859270054784,0.5072407045007185,0.902355643720685,0.19667851043183873,0.001307531380753138,3824,45
4,3819,0,0.00104629871828407,1.0,0.0020904102430101905,0.9622589441157062,0.606600517687289,0.8428502007814486,0.2355117351487491,0.00104629871828407,3823,50
4,3819,0,0.00104629871828407,1.0,0.0020904102430101905,0.9622589441157062,0.606600517687289,0.8428502007814486,0.2355117351487491,0.00104629871828407,3823,55
1,3819,0,0.0002617801047120419,1.0,0.0005234231876472128,,0.0,,0.0,0.0002617801047120419,3820,60
1,3819,0,0.0002617801047120419,1.0,0.0005234231876472128,,0.0,,0.0,0.0002617801047120419,3820,65
1,3819,0,0.0002617801047120419,1.0,0.0005234231876472128,,0.0,,0.0,0.0002617801047120419,3820,70
0,3819,0,0.0,0.0,0.0,,0.0,,0.0,0.0,3819,75
0,3819,0,0.0,0.0,0.0,,0.0,,0.0,0.0,3819,80
0,3819,0,0.0,0.0,0.0,,0.0,,0.0,0.0,3819,85
0,3819,0,0.0,0.0,0.0,,0.0,,0.0,0.0,3819,90
0,3819,0,0.0,0.0,0.0,,0.0,,0.0,0.0,3819,95
