TP,FP,FN,precision,recall,F1,corr_reads_mapped,L1_f_unique_weighted_reads_mapped,corr_ave_abund,L1_average_abund_reads_mapped_div_gene_len,percent_correct_predictions,total_number_of_predictions,filter_threshold
4523,1148,16792,0.7975665667430788,0.21219798264133238,0.33521085007040685,0.4349584045056627,0.5694762986786863,0.27318819868627997,0.4763339018951516,0.7975665667430788,5671,0
484,1148,595,0.2965686274509804,0.448563484708063,0.3570638140907414,0.25419019049563907,0.5577053754925632,0.05881485331800551,0.3818330937091021,0.2965686274509804,1632,5
24,1148,64,0.020477815699658702,0.2727272727272727,0.0380952380952381,0.6891889389958618,0.4863855418958904,0.2392235791138328,0.3097103222983497,0.020477815699658702,1172,10
3,1148,21,0.0026064291920069507,0.125,0.005106382978723404,0.9930802479281547,0.5382835101252147,-0.9465569685587228,0.29907394017193933,0.0026064291920069507,1151,15
1,1148,6,0.0008703220191470844,0.14285714285714285,0.0017301038062283738,,0.0,,0.0,0.0008703220191470844,1149,20
1,1148,2,0.0008703220191470844,0.3333333333333333,0.0017361111111111108,,0.0,,0.0,0.0008703220191470844,1149,25
0,1148,0,0.0,0.0,0.0,,0.0,,0.0,0.0,1148,30
0,1148,0,0.0,0.0,0.0,,0.0,,0.0,0.0,1148,35
0,1148,0,0.0,0.0,0.0,,0.0,,0.0,0.0,1148,40
0,1148,0,0.0,0.0,0.0,,0.0,,0.0,0.0,1148,45
0,1148,0,0.0,0.0,0.0,,0.0,,0.0,0.0,1148,50
0,1148,0,0.0,0.0,0.0,,0.0,,0.0,0.0,1148,55
0,1148,0,0.0,0.0,0.0,,0.0,,0.0,0.0,1148,60
0,1148,0,0.0,0.0,0.0,,0.0,,0.0,0.0,1148,65
0,1148,0,0.0,0.0,0.0,,0.0,,0.0,0.0,1148,70
0,1148,0,0.0,0.0,0.0,,0.0,,0.0,0.0,1148,75
0,1148,0,0.0,0.0,0.0,,0.0,,0.0,0.0,1148,80
0,1148,0,0.0,0.0,0.0,,0.0,,0.0,0.0,1148,85
0,1148,0,0.0,0.0,0.0,,0.0,,0.0,0.0,1148,90
0,1148,0,0.0,0.0,0.0,,0.0,,0.0,0.0,1148,95
