TP,FP,FN,precision,recall,F1,corr_reads_mapped,L1_f_unique_weighted_reads_mapped,corr_ave_abund,L1_average_abund_reads_mapped_div_gene_len,percent_correct_predictions,total_number_of_predictions,filter_threshold
5359,1606,14936,0.7694185211773151,0.26405518600640554,0.39317681584739544,0.4362473199034813,0.5835377961052628,0.3146627583528905,0.5628971039238067,0.7694185211773151,6965,0
682,1606,341,0.2980769230769231,0.6666666666666666,0.4119601328903655,0.37021683554486967,0.49741365397805093,0.33885933896914067,0.43470348665676994,0.2980769230769231,2288,5
127,1606,70,0.07328332371609925,0.6446700507614214,0.1316062176165803,0.5874276256590237,0.32105487304553587,0.6480071982998017,0.23850179201971008,0.07328332371609925,1733,10
33,1606,27,0.020134228187919462,0.55,0.03884638022366098,0.37758350951062986,0.3369322587466135,0.6800196061088535,0.21987208652473517,0.020134228187919462,1639,15
14,1606,10,0.008641975308641974,0.5833333333333334,0.0170316301703163,0.4442250262867811,0.32237297395733544,0.9099315296204827,0.16580932507083396,0.008641975308641974,1620,20
1,1606,2,0.0006222775357809583,0.3333333333333333,0.0012422360248447205,,0.0,,0.0,0.0006222775357809583,1607,25
0,1606,2,0.0,0.0,0.0,,0.0,,0.0,0.0,1606,30
0,1606,1,0.0,0.0,0.0,,0.0,,0.0,0.0,1606,35
0,1606,0,0.0,0.0,0.0,,0.0,,0.0,0.0,1606,40
0,1606,0,0.0,0.0,0.0,,0.0,,0.0,0.0,1606,45
0,1606,0,0.0,0.0,0.0,,0.0,,0.0,0.0,1606,50
0,1606,0,0.0,0.0,0.0,,0.0,,0.0,0.0,1606,55
0,1606,0,0.0,0.0,0.0,,0.0,,0.0,0.0,1606,60
0,1606,0,0.0,0.0,0.0,,0.0,,0.0,0.0,1606,65
0,1606,0,0.0,0.0,0.0,,0.0,,0.0,0.0,1606,70
0,1606,0,0.0,0.0,0.0,,0.0,,0.0,0.0,1606,75
0,1606,0,0.0,0.0,0.0,,0.0,,0.0,0.0,1606,80
0,1606,0,0.0,0.0,0.0,,0.0,,0.0,0.0,1606,85
0,1606,0,0.0,0.0,0.0,,0.0,,0.0,0.0,1606,90
0,1606,0,0.0,0.0,0.0,,0.0,,0.0,0.0,1606,95
