TP,FP,FN,precision,recall,F1,corr_reads_mapped,L1_f_unique_weighted_reads_mapped,corr_ave_abund,L1_average_abund_reads_mapped_div_gene_len,percent_correct_predictions,total_number_of_predictions,filter_threshold
4890,1856,17210,0.724873999407056,0.22126696832579185,0.33904180822297714,0.16372126507011156,0.6476346483918429,0.13711809217392487,0.4834965373317664,0.724873999407056,6746,0
332,1856,174,0.15173674588665448,0.6561264822134387,0.2464736451373422,0.26259354014549846,0.5073806821432025,0.36040875875043377,0.34265053071677,0.15173674588665448,2188,5
4,1856,21,0.002150537634408602,0.16,0.004244031830238727,-0.19380397393391965,0.5016931492575966,0.9723318902589206,0.11551980432435757,0.002150537634408602,1860,10
2,1856,6,0.001076426264800861,0.25,0.002143622722400857,1.0,0.04737793851717914,1.0,0.004988272135404814,0.001076426264800861,1858,15
0,1856,1,0.0,0.0,0.0,,0.0,,0.0,0.0,1856,20
0,1856,0,0.0,0.0,0.0,,0.0,,0.0,0.0,1856,25
0,1856,0,0.0,0.0,0.0,,0.0,,0.0,0.0,1856,30
0,1856,0,0.0,0.0,0.0,,0.0,,0.0,0.0,1856,35
0,1856,0,0.0,0.0,0.0,,0.0,,0.0,0.0,1856,40
0,1856,0,0.0,0.0,0.0,,0.0,,0.0,0.0,1856,45
0,1856,0,0.0,0.0,0.0,,0.0,,0.0,0.0,1856,50
0,1856,0,0.0,0.0,0.0,,0.0,,0.0,0.0,1856,55
0,1856,0,0.0,0.0,0.0,,0.0,,0.0,0.0,1856,60
0,1856,0,0.0,0.0,0.0,,0.0,,0.0,0.0,1856,65
0,1856,0,0.0,0.0,0.0,,0.0,,0.0,0.0,1856,70
0,1856,0,0.0,0.0,0.0,,0.0,,0.0,0.0,1856,75
0,1856,0,0.0,0.0,0.0,,0.0,,0.0,0.0,1856,80
0,1856,0,0.0,0.0,0.0,,0.0,,0.0,0.0,1856,85
0,1856,0,0.0,0.0,0.0,,0.0,,0.0,0.0,1856,90
0,1856,0,0.0,0.0,0.0,,0.0,,0.0,0.0,1856,95
