TP,FP,FN,precision,recall,F1,corr_reads_mapped,L1_f_unique_weighted_reads_mapped,corr_ave_abund,L1_average_abund_reads_mapped_div_gene_len,percent_correct_predictions,total_number_of_predictions,filter_threshold
4061,1850,16393,0.6870241921840636,0.19854307225970472,0.308059927934762,0.5370599091777158,0.5863890874386648,0.4137920506458032,0.6715220795794428,0.6870241921840636,5911,0
778,1850,398,0.2960426179604262,0.6615646258503401,0.40904311251314407,0.7158977413342211,0.31211175432224003,0.5385996123852712,0.4226176908461155,0.2960426179604262,2628,5
274,1850,11,0.12900188323917136,0.9614035087719298,0.2274802822748028,0.8072217204571643,0.20715849750657078,0.5966932486379093,0.1978744142683953,0.12900188323917136,2124,10
125,1850,0,0.06329113924050633,1.0,0.11904761904761907,0.8374666827578876,0.1756247660777635,0.6518192003516694,0.16690634596106305,0.06329113924050633,1975,15
48,1850,0,0.02528977871443625,1.0,0.049331963001027754,0.7979007889227175,0.16720314265434258,0.7569130402168136,0.15988044319595984,0.02528977871443625,1898,20
21,1850,0,0.01122394441475147,1.0,0.022198731501057084,0.8761704105494567,0.1628948391306153,0.8129861144705165,0.12680971987395784,0.01122394441475147,1871,25
12,1850,0,0.00644468313641246,1.0,0.012806830309498399,0.8605359941216432,0.1465603190427357,0.7297517719246166,0.08844248447558675,0.00644468313641246,1862,30
3,1850,0,0.0016189962223421479,1.0,0.0032327586206896556,0.9652988136514152,0.09648279838556004,0.7289994815219377,0.05215439650902043,0.0016189962223421479,1853,35
2,1850,0,0.0010799136069114472,1.0,0.002157497303128371,1.0,0.015870959383451344,0.9999999999999999,0.07385094548012477,0.0010799136069114472,1852,40
1,1850,0,0.0005402485143165856,1.0,0.001079913606911447,,0.0,,0.0,0.0005402485143165856,1851,45
0,1850,0,0.0,0.0,0.0,,0.0,,0.0,0.0,1850,50
0,1850,0,0.0,0.0,0.0,,0.0,,0.0,0.0,1850,55
0,1850,0,0.0,0.0,0.0,,0.0,,0.0,0.0,1850,60
0,1850,0,0.0,0.0,0.0,,0.0,,0.0,0.0,1850,65
0,1850,0,0.0,0.0,0.0,,0.0,,0.0,0.0,1850,70
0,1850,0,0.0,0.0,0.0,,0.0,,0.0,0.0,1850,75
0,1850,0,0.0,0.0,0.0,,0.0,,0.0,0.0,1850,80
0,1850,0,0.0,0.0,0.0,,0.0,,0.0,0.0,1850,85
0,1850,0,0.0,0.0,0.0,,0.0,,0.0,0.0,1850,90
0,1850,0,0.0,0.0,0.0,,0.0,,0.0,0.0,1850,95
