TP,FP,FN,precision,recall,F1,corr_reads_mapped,L1_f_unique_weighted_reads_mapped,corr_ave_abund,L1_average_abund_reads_mapped_div_gene_len,percent_correct_predictions,total_number_of_predictions,filter_threshold
5030,2324,15760,0.6839815066630405,0.24194324194324193,0.35744741330301305,0.3169926474502989,0.6157554925373694,0.20302289541236967,0.5460142841577662,0.6839815066630405,7354,0
826,2324,412,0.26222222222222225,0.6672051696284329,0.3764813126709207,0.32372578849611366,0.5412713686111315,0.21711502628197338,0.3032556851201099,0.26222222222222225,3150,5
51,2324,8,0.021473684210526315,0.864406779661017,0.0419063270336894,0.45497598132612127,0.4660857818304262,0.5219955933450319,0.19134085884951188,0.021473684210526315,2375,10
6,2324,1,0.002575107296137339,0.8571428571428571,0.0051347881899871635,0.6610491331560097,0.2497006365412562,0.9723158210814162,0.14384459298010963,0.002575107296137339,2330,15
2,2324,0,0.0008598452278589854,1.0,0.001718213058419244,1.0,0.05916795069346037,0.9999999999999998,0.1060637844358489,0.0008598452278589854,2326,20
1,2324,0,0.00043010752688172043,1.0,0.0008598452278589853,,0.0,,0.0,0.00043010752688172043,2325,25
1,2324,0,0.00043010752688172043,1.0,0.0008598452278589853,,0.0,,0.0,0.00043010752688172043,2325,30
1,2324,0,0.00043010752688172043,1.0,0.0008598452278589853,,0.0,,0.0,0.00043010752688172043,2325,35
0,2324,0,0.0,0.0,0.0,,0.0,,0.0,0.0,2324,40
0,2324,0,0.0,0.0,0.0,,0.0,,0.0,0.0,2324,45
0,2324,0,0.0,0.0,0.0,,0.0,,0.0,0.0,2324,50
0,2324,0,0.0,0.0,0.0,,0.0,,0.0,0.0,2324,55
0,2324,0,0.0,0.0,0.0,,0.0,,0.0,0.0,2324,60
0,2324,0,0.0,0.0,0.0,,0.0,,0.0,0.0,2324,65
0,2324,0,0.0,0.0,0.0,,0.0,,0.0,0.0,2324,70
0,2324,0,0.0,0.0,0.0,,0.0,,0.0,0.0,2324,75
0,2324,0,0.0,0.0,0.0,,0.0,,0.0,0.0,2324,80
0,2324,0,0.0,0.0,0.0,,0.0,,0.0,0.0,2324,85
0,2324,0,0.0,0.0,0.0,,0.0,,0.0,0.0,2324,90
0,2324,0,0.0,0.0,0.0,,0.0,,0.0,0.0,2324,95
