TP,FP,FN,precision,recall,F1,corr_reads_mapped,L1_f_unique_weighted_reads_mapped,corr_ave_abund,L1_average_abund_reads_mapped_div_gene_len,percent_correct_predictions,total_number_of_predictions,filter_threshold
2796,4590,19304,0.3785540211210398,0.1265158371040724,0.18964932510343893,0.3250432428013606,0.9245637220732706,-0.06309071504034845,0.6259490889945714,0.3785540211210398,7386,0
167,4590,339,0.03510615934412445,0.3300395256916996,0.06346190385711573,0.5766030602322589,0.9742648295934109,-0.2910814903399344,0.5872131622262899,0.03510615934412445,4757,5
3,4590,22,0.0006531678641410843,0.12,0.00129926375054136,-0.47620485324474676,0.24698225712623706,-0.06370357062351002,0.21720511326026326,0.0006531678641410843,4593,10
2,4590,6,0.00043554006968641115,0.25,0.0008695652173913043,1.0,0.018190261851173728,-1.0,0.05363647584752823,0.00043554006968641115,4592,15
0,4590,1,0.0,0.0,0.0,,0.0,,0.0,0.0,4590,20
0,4590,0,0.0,0.0,0.0,,0.0,,0.0,0.0,4590,25
0,4590,0,0.0,0.0,0.0,,0.0,,0.0,0.0,4590,30
0,4590,0,0.0,0.0,0.0,,0.0,,0.0,0.0,4590,35
0,4590,0,0.0,0.0,0.0,,0.0,,0.0,0.0,4590,40
0,4590,0,0.0,0.0,0.0,,0.0,,0.0,0.0,4590,45
0,4590,0,0.0,0.0,0.0,,0.0,,0.0,0.0,4590,50
0,4590,0,0.0,0.0,0.0,,0.0,,0.0,0.0,4590,55
0,4590,0,0.0,0.0,0.0,,0.0,,0.0,0.0,4590,60
0,4590,0,0.0,0.0,0.0,,0.0,,0.0,0.0,4590,65
0,4590,0,0.0,0.0,0.0,,0.0,,0.0,0.0,4590,70
0,4590,0,0.0,0.0,0.0,,0.0,,0.0,0.0,4590,75
0,4590,0,0.0,0.0,0.0,,0.0,,0.0,0.0,4590,80
0,4590,0,0.0,0.0,0.0,,0.0,,0.0,0.0,4590,85
0,4590,0,0.0,0.0,0.0,,0.0,,0.0,0.0,4590,90
0,4590,0,0.0,0.0,0.0,,0.0,,0.0,0.0,4590,95
