TP,FP,FN,precision,recall,F1,corr_reads_mapped,L1_f_unique_weighted_reads_mapped,corr_ave_abund,L1_average_abund_reads_mapped_div_gene_len,percent_correct_predictions,total_number_of_predictions,filter_threshold
7742,3561,23251,0.6849508979916836,0.24979834156099764,0.3660866275770759,0.3073266661057966,0.695117709240965,0.20654796400270023,0.6142597007672199,0.6849508979916836,11303,0
3343,3561,3734,0.48421205098493625,0.47237530026847535,0.47822044202846725,0.4095224986534921,0.468702247658085,0.23196355967429722,0.32440359555151554,0.48421205098493625,6904,5
1074,3561,810,0.23171521035598705,0.5700636942675159,0.32949838932351583,0.405417517843235,0.430038944850375,0.22072946825008397,0.2932331958158528,0.23171521035598705,4635,10
325,3561,353,0.08363355635615029,0.47935103244837757,0.14241893076248907,0.38133353485722066,0.4393427229841266,0.24733785231752878,0.2964528711603295,0.08363355635615029,3886,15
94,3561,256,0.025718194254445964,0.26857142857142857,0.04694132334581772,0.33632571108375425,0.5541589784114596,0.2830475480819652,0.35344610229851137,0.025718194254445964,3655,20
33,3561,232,0.009181969949916527,0.12452830188679245,0.01710287639284789,0.2590140700339579,0.7592777986212011,0.3480629798990609,0.5100654450066444,0.009181969949916527,3594,25
10,3561,219,0.002800336040324839,0.043668122270742356,0.005263157894736841,-0.12594620948438368,0.9346556722711642,0.8856607868318928,0.6800381056216768,0.002800336040324839,3571,30
7,3561,210,0.001961883408071749,0.03225806451612903,0.003698811096433289,-0.5069487172971753,0.9348456006584969,0.9274466748072493,0.6679379993910642,0.001961883408071749,3568,35
4,3561,201,0.0011220196353436186,0.01951219512195122,0.0021220159151193636,0.11170238079798635,0.2460212628069082,0.6965598915253268,0.16571696680637713,0.0011220196353436186,3565,40
4,3561,183,0.0011220196353436186,0.0213903743315508,0.0021321961620469083,0.11170238079798635,0.2460212628069082,0.6965598915253268,0.16571696680637713,0.0011220196353436186,3565,45
2,3561,170,0.000561324726354196,0.011627906976744186,0.00107095046854083,1.0,0.1674195018855415,0.9999999999999999,0.04664836856362958,0.000561324726354196,3563,50
1,3561,162,0.00028074115665356543,0.006134969325153374,0.0005369127516778524,,0.0,,0.0,0.00028074115665356543,3562,55
1,3561,144,0.00028074115665356543,0.006896551724137931,0.0005395198273536552,,0.0,,0.0,0.00028074115665356543,3562,60
1,3561,135,0.00028074115665356543,0.007352941176470588,0.0005408328826392645,,0.0,,0.0,0.00028074115665356543,3562,65
0,3561,126,0.0,0.0,0.0,,0.0,,0.0,0.0,3561,70
0,3561,116,0.0,0.0,0.0,,0.0,,0.0,0.0,3561,75
0,3561,109,0.0,0.0,0.0,,0.0,,0.0,0.0,3561,80
0,3561,100,0.0,0.0,0.0,,0.0,,0.0,0.0,3561,85
0,3561,93,0.0,0.0,0.0,,0.0,,0.0,0.0,3561,90
0,3561,83,0.0,0.0,0.0,,0.0,,0.0,0.0,3561,95
