TP,FP,FN,precision,recall,F1,corr_reads_mapped,L1_f_unique_weighted_reads_mapped,corr_ave_abund,L1_average_abund_reads_mapped_div_gene_len,percent_correct_predictions,total_number_of_predictions,filter_threshold
4891,2112,15093,0.6984149650149936,0.24474579663730986,0.3624708192833586,0.4085067001655567,0.5692269339611529,0.25817117509423776,0.524931620110728,0.6984149650149936,7003,0
776,2112,266,0.26869806094182824,0.744721689059501,0.3949109414758269,0.35525746433649286,0.47295050038950803,0.26923113935538723,0.3672529999887439,0.26869806094182824,2888,5
82,2112,4,0.037374658158614404,0.9534883720930233,0.07192982456140351,0.6061090670711877,0.33916413838891385,0.42151332814404024,0.2560556831286891,0.037374658158614404,2194,10
20,2112,0,0.009380863039399626,1.0,0.01858736059479554,0.6371349872210971,0.310674357137109,0.6476437461430231,0.23288400374740068,0.009380863039399626,2132,15
6,2112,0,0.0028328611898017,1.0,0.005649717514124295,0.6633696882959522,0.2706792312628333,0.7894101930318155,0.39630522391998313,0.0028328611898017,2118,20
2,2112,0,0.000946073793755913,1.0,0.001890359168241966,1.0,0.0515350877192029,-1.0,0.1668265366807346,0.000946073793755913,2114,25
1,2112,0,0.000473260766682442,1.0,0.000946073793755913,,0.0,,0.0,0.000473260766682442,2113,30
0,2112,0,0.0,0.0,0.0,,0.0,,0.0,0.0,2112,35
0,2112,0,0.0,0.0,0.0,,0.0,,0.0,0.0,2112,40
0,2112,0,0.0,0.0,0.0,,0.0,,0.0,0.0,2112,45
0,2112,0,0.0,0.0,0.0,,0.0,,0.0,0.0,2112,50
0,2112,0,0.0,0.0,0.0,,0.0,,0.0,0.0,2112,55
0,2112,0,0.0,0.0,0.0,,0.0,,0.0,0.0,2112,60
0,2112,0,0.0,0.0,0.0,,0.0,,0.0,0.0,2112,65
0,2112,0,0.0,0.0,0.0,,0.0,,0.0,0.0,2112,70
0,2112,0,0.0,0.0,0.0,,0.0,,0.0,0.0,2112,75
0,2112,0,0.0,0.0,0.0,,0.0,,0.0,0.0,2112,80
0,2112,0,0.0,0.0,0.0,,0.0,,0.0,0.0,2112,85
0,2112,0,0.0,0.0,0.0,,0.0,,0.0,0.0,2112,90
0,2112,0,0.0,0.0,0.0,,0.0,,0.0,0.0,2112,95
