TP,FP,FN,precision,recall,F1,corr_reads_mapped,L1_f_unique_weighted_reads_mapped,corr_ave_abund,L1_average_abund_reads_mapped_div_gene_len,percent_correct_predictions,total_number_of_predictions,filter_threshold
3810,2444,14129,0.6092101055324592,0.2123864206477507,0.31496713925515646,0.35037561062724143,0.538465826588677,0.18381520931359482,0.5206691086149394,0.6092101055324592,6254,0
563,2444,602,0.18722979714000665,0.4832618025751073,0.26989453499520616,0.3288440566112836,0.41040704845976195,0.22961335206469408,0.34854769745013087,0.18722979714000665,3007,5
30,2444,229,0.012126111560226353,0.11583011583011583,0.021953896816684963,0.7378145250584249,0.25320203357969845,0.7173093556098115,0.2774656029148795,0.012126111560226353,2474,10
3,2444,190,0.0012259910093992644,0.015544041450777202,0.0022727272727272726,0.9328726477521799,0.07706374085684425,-0.16305953444908758,0.24685685448767,0.0012259910093992644,2447,15
1,2444,152,0.00040899795501022495,0.006535947712418301,0.0007698229407236335,,0.0,,0.0,0.00040899795501022495,2445,20
1,2444,126,0.00040899795501022495,0.007874015748031496,0.0007776049766718507,,0.0,,0.0,0.00040899795501022495,2445,25
0,2444,97,0.0,0.0,0.0,,0.0,,0.0,0.0,2444,30
0,2444,70,0.0,0.0,0.0,,0.0,,0.0,0.0,2444,35
0,2444,56,0.0,0.0,0.0,,0.0,,0.0,0.0,2444,40
0,2444,43,0.0,0.0,0.0,,0.0,,0.0,0.0,2444,45
0,2444,37,0.0,0.0,0.0,,0.0,,0.0,0.0,2444,50
0,2444,27,0.0,0.0,0.0,,0.0,,0.0,0.0,2444,55
0,2444,24,0.0,0.0,0.0,,0.0,,0.0,0.0,2444,60
0,2444,19,0.0,0.0,0.0,,0.0,,0.0,0.0,2444,65
0,2444,14,0.0,0.0,0.0,,0.0,,0.0,0.0,2444,70
0,2444,10,0.0,0.0,0.0,,0.0,,0.0,0.0,2444,75
0,2444,6,0.0,0.0,0.0,,0.0,,0.0,0.0,2444,80
0,2444,4,0.0,0.0,0.0,,0.0,,0.0,0.0,2444,85
0,2444,3,0.0,0.0,0.0,,0.0,,0.0,0.0,2444,90
0,2444,3,0.0,0.0,0.0,,0.0,,0.0,0.0,2444,95
