TP,FP,FN,precision,recall,F1,corr_reads_mapped,L1_f_unique_weighted_reads_mapped,corr_ave_abund,L1_average_abund_reads_mapped_div_gene_len,percent_correct_predictions,total_number_of_predictions,filter_threshold
4218,2282,16387,0.6489230769230769,0.20470759524387286,0.31123408965135585,0.39645333885618445,0.5519054258167537,0.29701961613236705,0.5403189612360743,0.6489230769230769,6500,0
556,2282,412,0.1959126145172657,0.5743801652892562,0.29217025748817654,0.6097612733088371,0.37817963696563894,0.45381555927370226,0.34286047053619206,0.1959126145172657,2838,5
68,2282,9,0.02893617021276596,0.8831168831168831,0.05603625875566543,0.6828404084201893,0.2956662528317424,0.47712439829771186,0.26105649552325716,0.02893617021276596,2350,10
11,2282,1,0.004797208896641954,0.9166666666666666,0.009544468546637746,0.4760630290571711,0.27567462453014335,0.6041502358360913,0.2611578535135352,0.004797208896641954,2293,15
5,2282,1,0.0021862702229995625,0.8333333333333334,0.00436109899694723,0.1046502194905494,0.26346483704952284,0.7062380250491026,0.2570849851013939,0.0021862702229995625,2287,20
2,2282,0,0.0008756567425569177,1.0,0.0017497812773403323,-1.0,0.09725418008886877,1.0,0.4517423641853878,0.0008756567425569177,2284,25
0,2282,0,0.0,0.0,0.0,,0.0,,0.0,0.0,2282,30
0,2282,0,0.0,0.0,0.0,,0.0,,0.0,0.0,2282,35
0,2282,0,0.0,0.0,0.0,,0.0,,0.0,0.0,2282,40
0,2282,0,0.0,0.0,0.0,,0.0,,0.0,0.0,2282,45
0,2282,0,0.0,0.0,0.0,,0.0,,0.0,0.0,2282,50
0,2282,0,0.0,0.0,0.0,,0.0,,0.0,0.0,2282,55
0,2282,0,0.0,0.0,0.0,,0.0,,0.0,0.0,2282,60
0,2282,0,0.0,0.0,0.0,,0.0,,0.0,0.0,2282,65
0,2282,0,0.0,0.0,0.0,,0.0,,0.0,0.0,2282,70
0,2282,0,0.0,0.0,0.0,,0.0,,0.0,0.0,2282,75
0,2282,0,0.0,0.0,0.0,,0.0,,0.0,0.0,2282,80
0,2282,0,0.0,0.0,0.0,,0.0,,0.0,0.0,2282,85
0,2282,0,0.0,0.0,0.0,,0.0,,0.0,0.0,2282,90
0,2282,0,0.0,0.0,0.0,,0.0,,0.0,0.0,2282,95
