TP,FP,FN,precision,recall,F1,corr_reads_mapped,L1_f_unique_weighted_reads_mapped,corr_ave_abund,L1_average_abund_reads_mapped_div_gene_len,percent_correct_predictions,total_number_of_predictions,filter_threshold
3714,2674,18848,0.5814026299311209,0.1646130662175339,0.256580310880829,0.19062286576126855,0.6382126289241027,0.15074461232522887,0.4953784170935299,0.5814026299311209,6388,0
116,2674,597,0.04157706093189964,0.16269284712482468,0.06622894661718527,0.38470653363617385,0.4805099573361238,0.44383945754277254,0.4128796352318362,0.04157706093189964,2790,5
3,2674,19,0.0011206574523720584,0.13636363636363635,0.0022230455724342353,-0.23752676278759666,0.4271794871794872,0.22341814634408952,0.28233063075360004,0.0011206574523720584,2677,10
1,2674,2,0.00037383177570093456,0.3333333333333333,0.0007468259895444361,,0.0,,0.0,0.00037383177570093456,2675,15
0,2674,1,0.0,0.0,0.0,,0.0,,0.0,0.0,2674,20
0,2674,1,0.0,0.0,0.0,,0.0,,0.0,0.0,2674,25
0,2674,0,0.0,0.0,0.0,,0.0,,0.0,0.0,2674,30
0,2674,0,0.0,0.0,0.0,,0.0,,0.0,0.0,2674,35
0,2674,0,0.0,0.0,0.0,,0.0,,0.0,0.0,2674,40
0,2674,0,0.0,0.0,0.0,,0.0,,0.0,0.0,2674,45
0,2674,0,0.0,0.0,0.0,,0.0,,0.0,0.0,2674,50
0,2674,0,0.0,0.0,0.0,,0.0,,0.0,0.0,2674,55
0,2674,0,0.0,0.0,0.0,,0.0,,0.0,0.0,2674,60
0,2674,0,0.0,0.0,0.0,,0.0,,0.0,0.0,2674,65
0,2674,0,0.0,0.0,0.0,,0.0,,0.0,0.0,2674,70
0,2674,0,0.0,0.0,0.0,,0.0,,0.0,0.0,2674,75
0,2674,0,0.0,0.0,0.0,,0.0,,0.0,0.0,2674,80
0,2674,0,0.0,0.0,0.0,,0.0,,0.0,0.0,2674,85
0,2674,0,0.0,0.0,0.0,,0.0,,0.0,0.0,2674,90
0,2674,0,0.0,0.0,0.0,,0.0,,0.0,0.0,2674,95
