TP,FP,FN,precision,recall,F1,corr_reads_mapped,L1_f_unique_weighted_reads_mapped,corr_ave_abund,L1_average_abund_reads_mapped_div_gene_len,percent_correct_predictions,total_number_of_predictions,filter_threshold
7739,1295,21731,0.8566526455612132,0.26260604004071936,0.4019842094327862,0.4406965549067233,0.6733328718182048,0.2832053958362162,0.581430298820308,0.8566526455612132,9034,0
2728,1295,2680,0.678100919711658,0.5044378698224852,0.5785176545435267,0.39422932003112665,0.640942400036697,0.09647925757632286,0.4986199319469214,0.678100919711658,4023,5
705,1295,911,0.3525,0.43626237623762376,0.3899336283185841,0.29640566725399253,0.6258916863331729,-0.017805463768407134,0.4882586366532622,0.3525,2000,10
255,1295,440,0.16451612903225807,0.3669064748201439,0.22717149220489977,0.45753914753607683,0.45991130719573026,0.06913796975301628,0.3550474442944941,0.16451612903225807,1550,15
108,1295,296,0.07697790449037777,0.26732673267326734,0.11953514111787493,0.47146062149566714,0.3994307463496111,-0.04271651776222562,0.3053332854488162,0.07697790449037777,1403,20
57,1295,248,0.04215976331360947,0.18688524590163935,0.06879903439951719,0.5378336934351561,0.35212433187998,0.053201292324764664,0.2816011610023492,0.04215976331360947,1352,25
30,1295,233,0.022641509433962263,0.11406844106463879,0.03778337531486146,0.6028973764007627,0.3508351903463168,0.036281085009737375,0.2973417479958422,0.022641509433962263,1325,30
22,1295,224,0.016704631738800303,0.08943089430894309,0.028150991682661546,0.5478416732958024,0.3983443072964452,0.052599540652134714,0.3326800314724798,0.016704631738800303,1317,35
12,1295,208,0.009181331293037491,0.05454545454545454,0.015717092337917484,0.3868446219606531,0.494164212637107,-0.5201446648824318,0.41493775795787474,0.009181331293037491,1307,40
5,1295,195,0.0038461538461538464,0.025,0.006666666666666667,0.3621453121442208,0.4656083824491064,-0.5602196464978182,0.3733936874476138,0.0038461538461538464,1300,45
3,1295,181,0.0023112480739599386,0.016304347826086956,0.004048582995951418,-0.9516828572595649,0.4863247863246464,-0.6639226543555806,0.4222682595704161,0.0023112480739599386,1298,50
0,1295,171,0.0,0.0,0.0,,0.0,,0.0,0.0,1295,55
0,1295,157,0.0,0.0,0.0,,0.0,,0.0,0.0,1295,60
0,1295,145,0.0,0.0,0.0,,0.0,,0.0,0.0,1295,65
0,1295,136,0.0,0.0,0.0,,0.0,,0.0,0.0,1295,70
0,1295,129,0.0,0.0,0.0,,0.0,,0.0,0.0,1295,75
0,1295,124,0.0,0.0,0.0,,0.0,,0.0,0.0,1295,80
0,1295,123,0.0,0.0,0.0,,0.0,,0.0,0.0,1295,85
0,1295,109,0.0,0.0,0.0,,0.0,,0.0,0.0,1295,90
0,1295,101,0.0,0.0,0.0,,0.0,,0.0,0.0,1295,95
