TP,FP,FN,precision,recall,F1,corr_reads_mapped,L1_f_unique_weighted_reads_mapped,corr_ave_abund,L1_average_abund_reads_mapped_div_gene_len,percent_correct_predictions,total_number_of_predictions,filter_threshold
5378,1213,13390,0.8159611591564254,0.28655157715260016,0.42414921724042737,0.4055942272527356,0.49599099155725646,0.23811421724209975,0.4510366727911947,0.8159611591564254,6591,0
681,1213,402,0.3595564941921858,0.628808864265928,0.45750755794423914,0.4522455292138152,0.432423466718261,0.2916694998733647,0.32106409255605367,0.3595564941921858,1894,5
22,1213,194,0.017813765182186234,0.10185185185185185,0.03032391454169538,0.307116927550915,0.544404886623846,0.39489109557149826,0.32081519059838737,0.017813765182186234,1235,10
5,1213,146,0.004105090311986864,0.033112582781456956,0.007304601899196493,0.9974756007399275,0.04797754242682287,0.6842877079035647,0.1425299929041451,0.004105090311986864,1218,15
3,1213,111,0.0024671052631578946,0.02631578947368421,0.004511278195488721,0.9966946611127214,0.03127326880108999,-0.7517677777224032,0.0892417602949932,0.0024671052631578946,1216,20
1,1213,86,0.0008237232289950577,0.011494252873563218,0.00153727901614143,,0.0,,0.0,0.0008237232289950577,1214,25
0,1213,60,0.0,0.0,0.0,,0.0,,0.0,0.0,1213,30
0,1213,45,0.0,0.0,0.0,,0.0,,0.0,0.0,1213,35
0,1213,33,0.0,0.0,0.0,,0.0,,0.0,0.0,1213,40
0,1213,19,0.0,0.0,0.0,,0.0,,0.0,0.0,1213,45
0,1213,14,0.0,0.0,0.0,,0.0,,0.0,0.0,1213,50
0,1213,12,0.0,0.0,0.0,,0.0,,0.0,0.0,1213,55
0,1213,9,0.0,0.0,0.0,,0.0,,0.0,0.0,1213,60
0,1213,4,0.0,0.0,0.0,,0.0,,0.0,0.0,1213,65
0,1213,3,0.0,0.0,0.0,,0.0,,0.0,0.0,1213,70
0,1213,3,0.0,0.0,0.0,,0.0,,0.0,0.0,1213,75
0,1213,2,0.0,0.0,0.0,,0.0,,0.0,0.0,1213,80
0,1213,1,0.0,0.0,0.0,,0.0,,0.0,0.0,1213,85
0,1213,1,0.0,0.0,0.0,,0.0,,0.0,0.0,1213,90
0,1213,0,0.0,0.0,0.0,,0.0,,0.0,0.0,1213,95
