TP,FP,FN,precision,recall,F1,corr_reads_mapped,L1_f_unique_weighted_reads_mapped,corr_ave_abund,L1_average_abund_reads_mapped_div_gene_len,percent_correct_predictions,total_number_of_predictions,filter_threshold
3732,2611,14207,0.5883651269115561,0.2080383521935448,0.3073881887818137,0.2777033254738429,0.5914521840306934,0.17974578510838968,0.5311980925588806,0.5883651269115561,6343,0
549,2611,616,0.17373417721518988,0.47124463519313303,0.2538728323699422,0.4718062896094495,0.4331432700579294,0.28466794211728275,0.3536080157888317,0.17373417721518988,3160,5
31,2611,228,0.011733535200605601,0.11969111969111969,0.021371940710099967,0.43393870313114,0.33379659847935006,0.3580368027121385,0.3406159778346137,0.011733535200605601,2642,10
3,2611,190,0.0011476664116296864,0.015544041450777202,0.0021375133594584966,0.6647434235378964,0.16053050397877983,-0.11617408991854941,0.25088447408878134,0.0011476664116296864,2614,15
1,2611,152,0.00038284839203675346,0.006535947712418301,0.0007233273056057866,,0.0,,0.0,0.00038284839203675346,2612,20
1,2611,126,0.00038284839203675346,0.007874015748031496,0.0007301935012778386,,0.0,,0.0,0.00038284839203675346,2612,25
0,2611,97,0.0,0.0,0.0,,0.0,,0.0,0.0,2611,30
0,2611,70,0.0,0.0,0.0,,0.0,,0.0,0.0,2611,35
0,2611,56,0.0,0.0,0.0,,0.0,,0.0,0.0,2611,40
0,2611,43,0.0,0.0,0.0,,0.0,,0.0,0.0,2611,45
0,2611,37,0.0,0.0,0.0,,0.0,,0.0,0.0,2611,50
0,2611,27,0.0,0.0,0.0,,0.0,,0.0,0.0,2611,55
0,2611,24,0.0,0.0,0.0,,0.0,,0.0,0.0,2611,60
0,2611,19,0.0,0.0,0.0,,0.0,,0.0,0.0,2611,65
0,2611,14,0.0,0.0,0.0,,0.0,,0.0,0.0,2611,70
0,2611,10,0.0,0.0,0.0,,0.0,,0.0,0.0,2611,75
0,2611,6,0.0,0.0,0.0,,0.0,,0.0,0.0,2611,80
0,2611,4,0.0,0.0,0.0,,0.0,,0.0,0.0,2611,85
0,2611,3,0.0,0.0,0.0,,0.0,,0.0,0.0,2611,90
0,2611,3,0.0,0.0,0.0,,0.0,,0.0,0.0,2611,95
