TP,FP,FN,precision,recall,F1,corr_reads_mapped,L1_f_unique_weighted_reads_mapped,corr_ave_abund,L1_average_abund_reads_mapped_div_gene_len,percent_correct_predictions,total_number_of_predictions,filter_threshold
3584,4835,26582,0.42570376529279014,0.11880925545315918,0.18577167292989502,0.17877944958462158,1.0290073561984858,-0.07677195443430757,0.8002065664050609,0.42570376529279014,8419,0
1633,4835,7689,0.25247371675943103,0.1751770006436387,0.20683977200759976,0.3576486955659548,0.843750002831573,-0.1376383463857152,0.4937735584268655,0.25247371675943103,6468,5
735,4835,1848,0.1319569120287253,0.2845528455284553,0.18030172942475162,0.4280540103108565,0.8249854907101036,-0.17815893875730973,0.44662590595236407,0.1319569120287253,5570,10
243,4835,450,0.04785348562426152,0.35064935064935066,0.08421417431987524,0.3936911509876467,0.801420960373505,-0.2469756433025336,0.42821723737801887,0.04785348562426152,5078,15
90,4835,119,0.018274111675126905,0.430622009569378,0.03506038176860148,0.5730131128164342,0.7438468910484781,-0.10747894017149401,0.3910476239591995,0.018274111675126905,4925,20
35,4835,35,0.007186858316221766,0.5,0.014170040485829958,0.6212231249305447,0.8225926285909516,-0.08618388750519763,0.4230968854712202,0.007186858316221766,4870,25
16,4835,15,0.0032982890125747267,0.5161290322580645,0.006554690700532569,0.7130596548232854,1.0047304061035953,-0.019107639452488216,0.44188272034546516,0.0032982890125747267,4851,30
6,4835,6,0.0012394133443503407,0.5,0.00247269730063878,0.7330277397124465,0.9988173017372923,-0.7711705859558297,0.5914231740662601,0.0012394133443503407,4841,35
2,4835,1,0.0004134794293983874,0.6666666666666666,0.0008264462809917355,1.0,0.6500776037037519,-1.0,0.36613994426872737,0.0004134794293983874,4837,40
1,4835,1,0.00020678246484698098,0.5,0.0004133939644481191,,0.0,,0.0,0.00020678246484698098,4836,45
1,4835,0,0.00020678246484698098,1.0,0.0004134794293983874,,0.0,,0.0,0.00020678246484698098,4836,50
1,4835,0,0.00020678246484698098,1.0,0.0004134794293983874,,0.0,,0.0,0.00020678246484698098,4836,55
1,4835,0,0.00020678246484698098,1.0,0.0004134794293983874,,0.0,,0.0,0.00020678246484698098,4836,60
1,4835,0,0.00020678246484698098,1.0,0.0004134794293983874,,0.0,,0.0,0.00020678246484698098,4836,65
1,4835,0,0.00020678246484698098,1.0,0.0004134794293983874,,0.0,,0.0,0.00020678246484698098,4836,70
1,4835,0,0.00020678246484698098,1.0,0.0004134794293983874,,0.0,,0.0,0.00020678246484698098,4836,75
1,4835,0,0.00020678246484698098,1.0,0.0004134794293983874,,0.0,,0.0,0.00020678246484698098,4836,80
0,4835,0,0.0,0.0,0.0,,0.0,,0.0,0.0,4835,85
0,4835,0,0.0,0.0,0.0,,0.0,,0.0,0.0,4835,90
0,4835,0,0.0,0.0,0.0,,0.0,,0.0,0.0,4835,95
