TP,FP,FN,precision,recall,F1,corr_reads_mapped,L1_f_unique_weighted_reads_mapped,corr_ave_abund,L1_average_abund_reads_mapped_div_gene_len,percent_correct_predictions,total_number_of_predictions,filter_threshold
9504,1598,25656,0.8560619708160692,0.27030716723549486,0.4108771778133241,0.5336871295168956,0.6322706837791799,0.4340798518951353,0.45297745584203275,0.8560619708160692,11102,0
3694,1598,4552,0.6980347694633409,0.4479747756487994,0.5457231496528292,0.44355068841251527,0.6114350062415301,0.29503595747544276,0.37075857219112923,0.6980347694633409,5292,5
838,1598,917,0.3440065681444992,0.4774928774928775,0.39990455738487235,0.32901972017946196,0.5761360184290867,0.06802503253854718,0.4019438004745287,0.3440065681444992,2436,10
211,1598,270,0.11663902708678828,0.4386694386694387,0.18427947598253275,0.2777604665933542,0.5910280357712854,-0.02725658397852243,0.42415230936259407,0.11663902708678828,1809,15
65,1598,120,0.039085989176187615,0.35135135135135137,0.07034632034632035,0.353680823408421,0.5881099641177767,0.09147878159117033,0.3965604406638578,0.039085989176187615,1663,20
26,1598,64,0.01600985221674877,0.28888888888888886,0.03033838973162194,0.5831241535167451,0.5320984920911541,0.3154664096830488,0.3309851928541636,0.01600985221674877,1624,25
11,1598,47,0.006836544437538844,0.1896551724137931,0.013197360527894421,0.8881339923949542,0.4720091848448359,0.48663962214041956,0.25859076757969546,0.006836544437538844,1609,30
6,1598,33,0.003740648379052369,0.15384615384615385,0.007303712720632989,0.9494107083903873,0.5644297223242782,0.6343898536097188,0.37718995234624486,0.003740648379052369,1604,35
2,1598,20,0.00125,0.09090909090909091,0.002466091245376079,1.0,0.5185609241023813,-1.0,0.5030661936872022,0.00125,1600,40
1,1598,13,0.0006253908692933083,0.07142857142857142,0.0012399256044637323,,0.0,,0.0,0.0006253908692933083,1599,45
1,1598,9,0.0006253908692933083,0.1,0.001243008079552517,,0.0,,0.0,0.0006253908692933083,1599,50
1,1598,3,0.0006253908692933083,0.25,0.0012476606363069245,,0.0,,0.0,0.0006253908692933083,1599,55
0,1598,2,0.0,0.0,0.0,,0.0,,0.0,0.0,1598,60
0,1598,0,0.0,0.0,0.0,,0.0,,0.0,0.0,1598,65
0,1598,0,0.0,0.0,0.0,,0.0,,0.0,0.0,1598,70
0,1598,0,0.0,0.0,0.0,,0.0,,0.0,0.0,1598,75
0,1598,0,0.0,0.0,0.0,,0.0,,0.0,0.0,1598,80
0,1598,0,0.0,0.0,0.0,,0.0,,0.0,0.0,1598,85
0,1598,0,0.0,0.0,0.0,,0.0,,0.0,0.0,1598,90
0,1598,0,0.0,0.0,0.0,,0.0,,0.0,0.0,1598,95
