TP,FP,FN,precision,recall,F1,corr_reads_mapped,L1_f_unique_weighted_reads_mapped,corr_ave_abund,L1_average_abund_reads_mapped_div_gene_len,percent_correct_predictions,total_number_of_predictions,filter_threshold
4766,2015,16024,0.7028461878778941,0.22924482924482925,0.3457255812266512,0.31339502031134603,0.565381250236536,0.23747314555137353,0.5218716296574271,0.7028461878778941,6781,0
874,2015,364,0.30252682589131186,0.7059773828756059,0.4235522171068572,0.36639283637940173,0.4539027212826162,0.3090547325791366,0.2856269893184221,0.30252682589131186,2889,5
53,2015,6,0.02562862669245648,0.8983050847457628,0.049835448989186654,0.5238166008745022,0.4039068967370673,0.6004820434550038,0.18597251454806407,0.02562862669245648,2068,10
6,2015,1,0.0029688273132112814,0.8571428571428571,0.00591715976331361,0.5374736936391736,0.27672276722763256,0.8616043535004804,0.14773813789735857,0.0029688273132112814,2021,15
2,2015,0,0.0009915716410510659,1.0,0.001981178801386825,1.0,0.034366945247276404,0.9999999999999998,0.1278174861718494,0.0009915716410510659,2017,20
1,2015,0,0.000496031746031746,1.0,0.0009915716410510659,,0.0,,0.0,0.000496031746031746,2016,25
1,2015,0,0.000496031746031746,1.0,0.0009915716410510659,,0.0,,0.0,0.000496031746031746,2016,30
1,2015,0,0.000496031746031746,1.0,0.0009915716410510659,,0.0,,0.0,0.000496031746031746,2016,35
0,2015,0,0.0,0.0,0.0,,0.0,,0.0,0.0,2015,40
0,2015,0,0.0,0.0,0.0,,0.0,,0.0,0.0,2015,45
0,2015,0,0.0,0.0,0.0,,0.0,,0.0,0.0,2015,50
0,2015,0,0.0,0.0,0.0,,0.0,,0.0,0.0,2015,55
0,2015,0,0.0,0.0,0.0,,0.0,,0.0,0.0,2015,60
0,2015,0,0.0,0.0,0.0,,0.0,,0.0,0.0,2015,65
0,2015,0,0.0,0.0,0.0,,0.0,,0.0,0.0,2015,70
0,2015,0,0.0,0.0,0.0,,0.0,,0.0,0.0,2015,75
0,2015,0,0.0,0.0,0.0,,0.0,,0.0,0.0,2015,80
0,2015,0,0.0,0.0,0.0,,0.0,,0.0,0.0,2015,85
0,2015,0,0.0,0.0,0.0,,0.0,,0.0,0.0,2015,90
0,2015,0,0.0,0.0,0.0,,0.0,,0.0,0.0,2015,95
