TP,FP,FN,precision,recall,F1,corr_reads_mapped,L1_f_unique_weighted_reads_mapped,corr_ave_abund,L1_average_abund_reads_mapped_div_gene_len,percent_correct_predictions,total_number_of_predictions,filter_threshold
4665,1118,15630,0.8066747362960401,0.22985957132298596,0.35777283534013343,0.44317678609186606,0.5323688281218775,0.2968784696001972,0.5544287271160422,0.8066747362960401,5783,0
694,1118,329,0.3830022075055188,0.678396871945259,0.48959435626102293,0.4639944222582694,0.39924941033248823,0.3859786266610874,0.443200339461426,0.3830022075055188,1812,5
127,1118,70,0.10200803212851406,0.6446700507614214,0.17614424410540916,0.7036423867789187,0.2599192475131296,0.5000153795903612,0.2607263733314347,0.10200803212851406,1245,10
33,1118,27,0.028670721112076455,0.55,0.05450041288191577,0.5542524350394582,0.24054257016801991,0.7439365269603522,0.20128142709187324,0.028670721112076455,1151,15
14,1118,10,0.012367491166077738,0.5833333333333334,0.02422145328719723,0.37841607998437754,0.25213457372242787,0.7813412230898628,0.18992350391121354,0.012367491166077738,1132,20
1,1118,2,0.0008936550491510277,0.3333333333333333,0.0017825311942959003,,0.0,,0.0,0.0008936550491510277,1119,25
0,1118,2,0.0,0.0,0.0,,0.0,,0.0,0.0,1118,30
0,1118,1,0.0,0.0,0.0,,0.0,,0.0,0.0,1118,35
0,1118,0,0.0,0.0,0.0,,0.0,,0.0,0.0,1118,40
0,1118,0,0.0,0.0,0.0,,0.0,,0.0,0.0,1118,45
0,1118,0,0.0,0.0,0.0,,0.0,,0.0,0.0,1118,50
0,1118,0,0.0,0.0,0.0,,0.0,,0.0,0.0,1118,55
0,1118,0,0.0,0.0,0.0,,0.0,,0.0,0.0,1118,60
0,1118,0,0.0,0.0,0.0,,0.0,,0.0,0.0,1118,65
0,1118,0,0.0,0.0,0.0,,0.0,,0.0,0.0,1118,70
0,1118,0,0.0,0.0,0.0,,0.0,,0.0,0.0,1118,75
0,1118,0,0.0,0.0,0.0,,0.0,,0.0,0.0,1118,80
0,1118,0,0.0,0.0,0.0,,0.0,,0.0,0.0,1118,85
0,1118,0,0.0,0.0,0.0,,0.0,,0.0,0.0,1118,90
0,1118,0,0.0,0.0,0.0,,0.0,,0.0,0.0,1118,95
