TP,FP,FN,precision,recall,F1,corr_reads_mapped,L1_f_unique_weighted_reads_mapped,corr_ave_abund,L1_average_abund_reads_mapped_div_gene_len,percent_correct_predictions,total_number_of_predictions,filter_threshold
7728,2010,21742,0.7935921133703019,0.2622327790973872,0.3942052642317895,0.47395682282024654,0.6880230765398404,0.2931193945587018,0.6116956965452893,0.7935921133703019,9738,0
2597,2010,2811,0.5637074017799002,0.4802144970414201,0.5186220668996505,0.32742484183612497,0.6718401599351594,0.0944162094469616,0.5204462610529831,0.5637074017799002,4607,5
690,2010,926,0.25555555555555554,0.42698019801980197,0.31974050046339203,0.24866698867912534,0.6600787557662751,0.008655995337271554,0.5125250477195433,0.25555555555555554,2700,10
255,2010,440,0.11258278145695365,0.3669064748201439,0.17229729729729729,0.2742798504236012,0.5684764282035208,-0.02301308345471807,0.4267508876108346,0.11258278145695365,2265,15
107,2010,297,0.05054322153991497,0.26485148514851486,0.08488694962316541,0.3077947164234023,0.46213374425592674,0.006474838106961527,0.3515442067886877,0.05054322153991497,2117,20
56,2010,249,0.027105517909002903,0.18360655737704917,0.04723745255166597,0.33930253075150996,0.38497622376890356,0.16352641637663154,0.3068253793870454,0.027105517909002903,2066,25
30,2010,233,0.014705882352941176,0.11406844106463879,0.026052974381241857,0.23251521671355677,0.4241722722383118,0.12301146456531124,0.38472040820484643,0.014705882352941176,2040,30
22,2010,224,0.010826771653543307,0.08943089430894309,0.019315188762071993,0.1545208745484259,0.5003329971945683,0.14588365166658324,0.44038973713085167,0.010826771653543307,2032,35
12,2010,208,0.005934718100890208,0.05454545454545454,0.010704727921498661,-0.11694036106097548,0.6446180109962705,0.003872497499166746,0.5606266742719358,0.005934718100890208,2022,40
5,2010,195,0.0024813895781637717,0.025,0.004514672686230248,0.358873949700163,0.05376744186046506,-0.6362861002733986,0.12672528077501055,0.0024813895781637717,2015,45
3,2010,181,0.0014903129657228018,0.016304347826086956,0.0027309968138370506,0.9697612764095157,0.0563229340319123,-0.7083018825313188,0.17959500551228436,0.0014903129657228018,2013,50
0,2010,171,0.0,0.0,0.0,,0.0,,0.0,0.0,2010,55
0,2010,157,0.0,0.0,0.0,,0.0,,0.0,0.0,2010,60
0,2010,145,0.0,0.0,0.0,,0.0,,0.0,0.0,2010,65
0,2010,136,0.0,0.0,0.0,,0.0,,0.0,0.0,2010,70
0,2010,129,0.0,0.0,0.0,,0.0,,0.0,0.0,2010,75
0,2010,124,0.0,0.0,0.0,,0.0,,0.0,0.0,2010,80
0,2010,123,0.0,0.0,0.0,,0.0,,0.0,0.0,2010,85
0,2010,109,0.0,0.0,0.0,,0.0,,0.0,0.0,2010,90
0,2010,101,0.0,0.0,0.0,,0.0,,0.0,0.0,2010,95
