TP,FP,FN,precision,recall,F1,corr_reads_mapped,L1_f_unique_weighted_reads_mapped,corr_ave_abund,L1_average_abund_reads_mapped_div_gene_len,percent_correct_predictions,total_number_of_predictions,filter_threshold
4341,1630,15643,0.727013900519176,0.21722377902321857,0.33450202273165097,0.41737551939964307,0.47280314823868763,0.25319604638608495,0.49966837372361705,0.727013900519176,5971,0
781,1630,261,0.3239319784321858,0.7495201535508638,0.4523602664349841,0.5378490150968983,0.3500705281610706,0.3409930013623661,0.364472408106463,0.3239319784321858,2411,5
82,1630,4,0.04789719626168224,0.9534883720930233,0.09121245828698554,0.6861374056057137,0.245954075632818,0.46143728377112087,0.2597683490229862,0.04789719626168224,1712,10
20,1630,0,0.012121212121212121,1.0,0.02395209580838323,0.6951216343102423,0.1745064108444883,0.7349407068610019,0.25157099088480644,0.012121212121212121,1650,15
6,1630,0,0.003667481662591687,1.0,0.00730816077953715,0.25034569378887805,0.2283527759463738,0.6163768689614558,0.40955159018420306,0.003667481662591687,1636,20
2,1630,0,0.0012254901960784314,1.0,0.0024479804161566705,1.0,0.06364749082007332,0.9999999999999999,0.064767150782081,0.0012254901960784314,1632,25
1,1630,0,0.0006131207847946045,1.0,0.0012254901960784314,,0.0,,0.0,0.0006131207847946045,1631,30
0,1630,0,0.0,0.0,0.0,,0.0,,0.0,0.0,1630,35
0,1630,0,0.0,0.0,0.0,,0.0,,0.0,0.0,1630,40
0,1630,0,0.0,0.0,0.0,,0.0,,0.0,0.0,1630,45
0,1630,0,0.0,0.0,0.0,,0.0,,0.0,0.0,1630,50
0,1630,0,0.0,0.0,0.0,,0.0,,0.0,0.0,1630,55
0,1630,0,0.0,0.0,0.0,,0.0,,0.0,0.0,1630,60
0,1630,0,0.0,0.0,0.0,,0.0,,0.0,0.0,1630,65
0,1630,0,0.0,0.0,0.0,,0.0,,0.0,0.0,1630,70
0,1630,0,0.0,0.0,0.0,,0.0,,0.0,0.0,1630,75
0,1630,0,0.0,0.0,0.0,,0.0,,0.0,0.0,1630,80
0,1630,0,0.0,0.0,0.0,,0.0,,0.0,0.0,1630,85
0,1630,0,0.0,0.0,0.0,,0.0,,0.0,0.0,1630,90
0,1630,0,0.0,0.0,0.0,,0.0,,0.0,0.0,1630,95
