TP,FP,FN,precision,recall,F1,corr_reads_mapped,L1_f_unique_weighted_reads_mapped,corr_ave_abund,L1_average_abund_reads_mapped_div_gene_len,percent_correct_predictions,total_number_of_predictions,filter_threshold
4600,1875,16190,0.7104247104247104,0.22126022126022127,0.3374289381991564,0.3630405636785585,0.539648422610991,0.24373788980815336,0.5240474130172316,0.7104247104247104,6475,0
888,1875,350,0.32138979370249726,0.7172859450726979,0.4438890277430642,0.4607388970844257,0.4079961900226174,0.30511748506009884,0.29371421988531565,0.32138979370249726,2763,5
53,1875,6,0.027489626556016597,0.8983050847457628,0.05334675390035229,0.6154148703553244,0.3554681937780367,0.43164893011763117,0.22801468682430578,0.027489626556016597,1928,10
6,1875,1,0.003189792663476874,0.8571428571428571,0.00635593220338983,0.9458194107046353,0.17334494773517278,0.6302475104276664,0.2587527124843433,0.003189792663476874,1881,15
2,1875,0,0.0010655301012253596,1.0,0.0021287919105907396,1.0,0.04812722326842245,1.0,0.13421538967405078,0.0010655301012253596,1877,20
1,1875,0,0.0005330490405117271,1.0,0.0010655301012253596,,0.0,,0.0,0.0005330490405117271,1876,25
1,1875,0,0.0005330490405117271,1.0,0.0010655301012253596,,0.0,,0.0,0.0005330490405117271,1876,30
1,1875,0,0.0005330490405117271,1.0,0.0010655301012253596,,0.0,,0.0,0.0005330490405117271,1876,35
0,1875,0,0.0,0.0,0.0,,0.0,,0.0,0.0,1875,40
0,1875,0,0.0,0.0,0.0,,0.0,,0.0,0.0,1875,45
0,1875,0,0.0,0.0,0.0,,0.0,,0.0,0.0,1875,50
0,1875,0,0.0,0.0,0.0,,0.0,,0.0,0.0,1875,55
0,1875,0,0.0,0.0,0.0,,0.0,,0.0,0.0,1875,60
0,1875,0,0.0,0.0,0.0,,0.0,,0.0,0.0,1875,65
0,1875,0,0.0,0.0,0.0,,0.0,,0.0,0.0,1875,70
0,1875,0,0.0,0.0,0.0,,0.0,,0.0,0.0,1875,75
0,1875,0,0.0,0.0,0.0,,0.0,,0.0,0.0,1875,80
0,1875,0,0.0,0.0,0.0,,0.0,,0.0,0.0,1875,85
0,1875,0,0.0,0.0,0.0,,0.0,,0.0,0.0,1875,90
0,1875,0,0.0,0.0,0.0,,0.0,,0.0,0.0,1875,95
