TP,FP,FN,precision,recall,F1,corr_reads_mapped,L1_f_unique_weighted_reads_mapped,corr_ave_abund,L1_average_abund_reads_mapped_div_gene_len,percent_correct_predictions,total_number_of_predictions,filter_threshold
4687,3806,33073,0.5518662427881785,0.1241260593220339,0.20266793505286143,0.3218582902467529,0.9846127699696101,-0.02899173447002502,0.6881870077982999,0.5518662427881785,8493,0
1475,3806,4832,0.27930316227987123,0.2338671317583637,0.25457369692785636,0.48535665765927966,0.9560133309384431,-0.15853565416772414,0.5605297481398539,0.27930316227987123,5281,5
312,3806,520,0.07576493443419136,0.375,0.12606060606060607,0.6088521241994097,0.9671115238573945,-0.25866291690930415,0.5396362538184862,0.07576493443419136,4118,10
70,3806,122,0.01805985552115583,0.3645833333333333,0.03441494591937069,0.8352545596245078,0.8396707466690979,-0.3506253503340264,0.5358017358663285,0.01805985552115583,3876,15
12,3806,62,0.003143006809848088,0.16216216216216217,0.006166495375128469,0.9128860251013963,0.47603903014067817,-0.4072793743943219,0.5169678929518964,0.003143006809848088,3818,20
7,3806,31,0.0018358248098610018,0.18421052631578946,0.003635419371591794,0.8673276194705752,0.23834905539791335,-0.36648776533463473,0.2886670229568741,0.0018358248098610018,3813,25
4,3806,15,0.0010498687664041995,0.21052631578947367,0.002089318359885087,0.7105321286680528,0.1576310150009764,0.4176055719144678,0.10628786602564338,0.0010498687664041995,3810,30
3,3806,11,0.0007876082961407193,0.21428571428571427,0.0015694480774261052,-0.8457586205841805,0.1674635356325982,0.013088933440090473,0.11752726636278865,0.0007876082961407193,3809,35
3,3806,7,0.0007876082961407193,0.3,0.0015710919088766694,-0.8457586205841805,0.1674635356325982,0.013088933440090473,0.11752726636278865,0.0007876082961407193,3809,40
2,3806,4,0.0005252100840336134,0.3333333333333333,0.001048767697954903,0.9999999999999999,0.02361751380169952,1.0,0.03790878675106385,0.0005252100840336134,3808,45
2,3806,2,0.0005252100840336134,0.5,0.001049317943336831,0.9999999999999999,0.02361751380169952,1.0,0.03790878675106385,0.0005252100840336134,3808,50
0,3806,1,0.0,0.0,0.0,,0.0,,0.0,0.0,3806,55
0,3806,0,0.0,0.0,0.0,,0.0,,0.0,0.0,3806,60
0,3806,0,0.0,0.0,0.0,,0.0,,0.0,0.0,3806,65
0,3806,0,0.0,0.0,0.0,,0.0,,0.0,0.0,3806,70
0,3806,0,0.0,0.0,0.0,,0.0,,0.0,0.0,3806,75
0,3806,0,0.0,0.0,0.0,,0.0,,0.0,0.0,3806,80
0,3806,0,0.0,0.0,0.0,,0.0,,0.0,0.0,3806,85
0,3806,0,0.0,0.0,0.0,,0.0,,0.0,0.0,3806,90
0,3806,0,0.0,0.0,0.0,,0.0,,0.0,0.0,3806,95
