TP,FP,FN,precision,recall,F1,corr_reads_mapped,L1_f_unique_weighted_reads_mapped,corr_ave_abund,L1_average_abund_reads_mapped_div_gene_len,percent_correct_predictions,total_number_of_predictions,filter_threshold
11826,1287,23955,0.9018531228551819,0.3305106061876415,0.4837403362375752,0.41699327092824995,0.5972770288035903,0.3635886940734904,0.41503283330778573,0.9018531228551819,13113,0
6018,1287,1985,0.8238193018480493,0.7519680119955017,0.786255552652208,0.44984687403249074,0.5441104697251657,0.39072114552272086,0.29629582905168067,0.8238193018480493,7305,5
1538,1287,341,0.544424778761062,0.8185204896221394,0.6539115646258504,0.4029211993222425,0.5155463985595792,0.4248157606413523,0.2633675451911726,0.544424778761062,2825,10
362,1287,91,0.21952698605215282,0.7991169977924945,0.34443387250237867,0.22865860598450705,0.4985776683822858,0.3086580602537548,0.2537689562295785,0.21952698605215282,1649,15
111,1287,31,0.07939914163090128,0.7816901408450704,0.14415584415584415,0.3629683723902549,0.44097902501962744,0.5518312206237322,0.22461119706328514,0.07939914163090128,1398,20
40,1287,14,0.03014318010550113,0.7407407407407407,0.05792903692976104,0.24725824847996397,0.40094723419758194,0.5809444514073642,0.24059330571030857,0.03014318010550113,1327,25
20,1287,2,0.015302218821729151,0.9090909090909091,0.03009781790820166,0.32226102244555366,0.30190604118137143,0.8732806516738819,0.15166455267570284,0.015302218821729151,1307,30
6,1287,1,0.004640371229698376,0.8571428571428571,0.009230769230769232,0.46529930790064217,0.20788629020744212,0.956286730698624,0.1399665106798907,0.004640371229698376,1293,35
3,1287,1,0.002325581395348837,0.75,0.00463678516228748,0.9160552180683077,0.052992817238627365,0.9988193830733156,0.18095347141386942,0.002325581395348837,1290,40
3,1287,0,0.002325581395348837,1.0,0.004640371229698376,0.9160552180683077,0.052992817238627365,0.9988193830733156,0.18095347141386942,0.002325581395348837,1290,45
3,1287,0,0.002325581395348837,1.0,0.004640371229698376,0.9160552180683077,0.052992817238627365,0.9988193830733156,0.18095347141386942,0.002325581395348837,1290,50
2,1287,0,0.0015515903801396431,1.0,0.0030983733539891554,1.0,0.04242703533026104,1.0,0.1905561955404934,0.0015515903801396431,1289,55
1,1287,0,0.0007763975155279503,1.0,0.0015515903801396431,,0.0,,0.0,0.0007763975155279503,1288,60
1,1287,0,0.0007763975155279503,1.0,0.0015515903801396431,,0.0,,0.0,0.0007763975155279503,1288,65
0,1287,0,0.0,0.0,0.0,,0.0,,0.0,0.0,1287,70
0,1287,0,0.0,0.0,0.0,,0.0,,0.0,0.0,1287,75
0,1287,0,0.0,0.0,0.0,,0.0,,0.0,0.0,1287,80
0,1287,0,0.0,0.0,0.0,,0.0,,0.0,0.0,1287,85
0,1287,0,0.0,0.0,0.0,,0.0,,0.0,0.0,1287,90
0,1287,0,0.0,0.0,0.0,,0.0,,0.0,0.0,1287,95
