TP,FP,FN,precision,recall,F1,corr_reads_mapped,L1_f_unique_weighted_reads_mapped,corr_ave_abund,L1_average_abund_reads_mapped_div_gene_len,percent_correct_predictions,total_number_of_predictions,filter_threshold
4831,1239,16484,0.7958813838550247,0.22664790053952616,0.35282088734708783,0.37323223473431716,0.6245667739888219,0.26266772700681706,0.47704514117859864,0.7958813838550247,6070,0
473,1239,606,0.276285046728972,0.43836886005560705,0.33894661411680405,0.2990765891261986,0.5858940347477064,0.12139618841373136,0.38069756577637326,0.276285046728972,1712,5
24,1239,64,0.019002375296912115,0.2727272727272727,0.03552923760177646,0.6574997683093151,0.5580691111574281,0.18414567982481986,0.3157442998712636,0.019002375296912115,1263,10
3,1239,21,0.0024154589371980675,0.125,0.004739336492890995,0.9998837858836199,0.49861717904509,-0.9971478447333632,0.31144560518743186,0.0024154589371980675,1242,15
1,1239,6,0.0008064516129032258,0.14285714285714285,0.001603849238171612,,0.0,,0.0,0.0008064516129032258,1240,20
1,1239,2,0.0008064516129032258,0.3333333333333333,0.0016090104585679808,,0.0,,0.0,0.0008064516129032258,1240,25
0,1239,0,0.0,0.0,0.0,,0.0,,0.0,0.0,1239,30
0,1239,0,0.0,0.0,0.0,,0.0,,0.0,0.0,1239,35
0,1239,0,0.0,0.0,0.0,,0.0,,0.0,0.0,1239,40
0,1239,0,0.0,0.0,0.0,,0.0,,0.0,0.0,1239,45
0,1239,0,0.0,0.0,0.0,,0.0,,0.0,0.0,1239,50
0,1239,0,0.0,0.0,0.0,,0.0,,0.0,0.0,1239,55
0,1239,0,0.0,0.0,0.0,,0.0,,0.0,0.0,1239,60
0,1239,0,0.0,0.0,0.0,,0.0,,0.0,0.0,1239,65
0,1239,0,0.0,0.0,0.0,,0.0,,0.0,0.0,1239,70
0,1239,0,0.0,0.0,0.0,,0.0,,0.0,0.0,1239,75
0,1239,0,0.0,0.0,0.0,,0.0,,0.0,0.0,1239,80
0,1239,0,0.0,0.0,0.0,,0.0,,0.0,0.0,1239,85
0,1239,0,0.0,0.0,0.0,,0.0,,0.0,0.0,1239,90
0,1239,0,0.0,0.0,0.0,,0.0,,0.0,0.0,1239,95
