TP,FP,FN,precision,recall,F1,corr_reads_mapped,L1_f_unique_weighted_reads_mapped,corr_ave_abund,L1_average_abund_reads_mapped_div_gene_len,percent_correct_predictions,total_number_of_predictions,filter_threshold
4088,2239,16517,0.6461198040145408,0.19839844697888862,0.3035793851180751,0.33909328445917936,0.5392126810773182,0.28349594451173254,0.5357195594673554,0.6461198040145408,6327,0
562,2239,406,0.2006426276329882,0.5805785123966942,0.29822234014327403,0.6050770286220352,0.33886944416175874,0.48905998687507096,0.33857002646161954,0.2006426276329882,2801,5
68,2239,9,0.029475509319462505,0.8831168831168831,0.057046979865771806,0.7020542734347852,0.2432026336892408,0.5022295759995731,0.253849707607274,0.029475509319462505,2307,10
11,2239,1,0.004888888888888889,0.9166666666666666,0.009725906277630415,0.5976723000323456,0.2245768601578947,0.6395494397164864,0.24133046304805025,0.004888888888888889,2250,15
5,2239,1,0.0022281639928698753,0.8333333333333334,0.0044444444444444444,0.27753779982125903,0.25303030303005425,0.6894799985678948,0.24457878475585468,0.0022281639928698753,2244,20
2,2239,0,0.000892458723784025,1.0,0.0017833259028087382,1.0,0.07461794587200193,1.0,0.441586017499765,0.000892458723784025,2241,25
0,2239,0,0.0,0.0,0.0,,0.0,,0.0,0.0,2239,30
0,2239,0,0.0,0.0,0.0,,0.0,,0.0,0.0,2239,35
0,2239,0,0.0,0.0,0.0,,0.0,,0.0,0.0,2239,40
0,2239,0,0.0,0.0,0.0,,0.0,,0.0,0.0,2239,45
0,2239,0,0.0,0.0,0.0,,0.0,,0.0,0.0,2239,50
0,2239,0,0.0,0.0,0.0,,0.0,,0.0,0.0,2239,55
0,2239,0,0.0,0.0,0.0,,0.0,,0.0,0.0,2239,60
0,2239,0,0.0,0.0,0.0,,0.0,,0.0,0.0,2239,65
0,2239,0,0.0,0.0,0.0,,0.0,,0.0,0.0,2239,70
0,2239,0,0.0,0.0,0.0,,0.0,,0.0,0.0,2239,75
0,2239,0,0.0,0.0,0.0,,0.0,,0.0,0.0,2239,80
0,2239,0,0.0,0.0,0.0,,0.0,,0.0,0.0,2239,85
0,2239,0,0.0,0.0,0.0,,0.0,,0.0,0.0,2239,90
0,2239,0,0.0,0.0,0.0,,0.0,,0.0,0.0,2239,95
