TP,FP,FN,precision,recall,F1,corr_reads_mapped,L1_f_unique_weighted_reads_mapped,corr_ave_abund,L1_average_abund_reads_mapped_div_gene_len,percent_correct_predictions,total_number_of_predictions,filter_threshold
11108,3149,26652,0.7791260433471278,0.2941737288135593,0.4270911432800816,0.2290335872195266,0.7692308237343739,0.1594938556053765,0.5281787928633104,0.7791260433471278,14257,0
3768,3149,2539,0.5447448315743819,0.5974314254003488,0.5698729582577132,0.20292656539508347,0.6932616057175534,0.15990150412458418,0.36767263179614607,0.5447448315743819,6917,5
588,3149,244,0.15734546427615734,0.7067307692307693,0.2573867367038739,0.16411861871173952,0.6583972966113725,0.16258610118854108,0.33414626371018324,0.15734546427615734,3737,10
95,3149,97,0.029284833538840937,0.4947916666666667,0.05529685681024447,0.23460851788628267,0.5568232650785453,0.3424948885722172,0.34431998958953053,0.029284833538840937,3244,15
14,3149,60,0.004426177679418274,0.1891891891891892,0.008649984553599012,0.7395951526261846,0.23739222161071363,0.3249958739874288,0.22533706142891324,0.004426177679418274,3163,20
7,3149,31,0.002217997465145754,0.18421052631578946,0.004383218534752662,0.9706920151036557,0.08819764464925757,0.9128756580379824,0.12972489924632102,0.002217997465145754,3156,25
4,3149,15,0.0012686330478908975,0.21052631578947367,0.002522068095838587,0.9944377138089642,0.03459735735322769,-0.37621950911629604,0.1339539007325545,0.0012686330478908975,3153,30
3,3149,11,0.0009517766497461929,0.21428571428571427,0.0018951358180669617,0.9827157142678602,0.026619343389529704,-0.37679509272495654,0.1318823444435378,0.0009517766497461929,3152,35
3,3149,7,0.0009517766497461929,0.3,0.0018975332068311196,0.9827157142678602,0.026619343389529704,-0.37679509272495654,0.1318823444435378,0.0009517766497461929,3152,40
2,3149,4,0.0006347191367819739,0.3333333333333333,0.0012670256572695597,-1.0,0.024889835843300567,1.0,0.037933154914749634,0.0006347191367819739,3151,45
2,3149,2,0.0006347191367819739,0.5,0.0012678288431061807,-1.0,0.024889835843300567,1.0,0.037933154914749634,0.0006347191367819739,3151,50
0,3149,1,0.0,0.0,0.0,,0.0,,0.0,0.0,3149,55
0,3149,0,0.0,0.0,0.0,,0.0,,0.0,0.0,3149,60
0,3149,0,0.0,0.0,0.0,,0.0,,0.0,0.0,3149,65
0,3149,0,0.0,0.0,0.0,,0.0,,0.0,0.0,3149,70
0,3149,0,0.0,0.0,0.0,,0.0,,0.0,0.0,3149,75
0,3149,0,0.0,0.0,0.0,,0.0,,0.0,0.0,3149,80
0,3149,0,0.0,0.0,0.0,,0.0,,0.0,0.0,3149,85
0,3149,0,0.0,0.0,0.0,,0.0,,0.0,0.0,3149,90
0,3149,0,0.0,0.0,0.0,,0.0,,0.0,0.0,3149,95
