TP,FP,FN,precision,recall,F1,corr_reads_mapped,L1_f_unique_weighted_reads_mapped,corr_ave_abund,L1_average_abund_reads_mapped_div_gene_len,percent_correct_predictions,total_number_of_predictions,filter_threshold
9095,3036,29834,0.749732091336246,0.2336304554445272,0.35624755189972585,0.18927244209618668,0.6613760898463188,0.14658737665975988,0.5157235658297278,0.749732091336246,12131,0
1888,3036,5212,0.3834281072298944,0.26591549295774647,0.31403858948769126,0.11535463635386448,0.606735142241249,0.07374941158031453,0.3904151110277972,0.3834281072298944,4924,5
190,3036,1062,0.05889646621202728,0.15175718849840256,0.08485931219294328,0.3904110801719894,0.45332605289631034,0.3246051778727185,0.3286845707738231,0.05889646621202728,3226,10
24,3036,226,0.00784313725490196,0.096,0.014501510574018127,0.5701603689285154,0.3025724275724275,0.577770705344296,0.3516519523841659,0.00784313725490196,3060,15
7,3036,58,0.0023003614853762734,0.1076923076923077,0.0045045045045045045,0.2515601556807235,0.35258964143426297,0.11514589783142452,0.38813928610765003,0.0023003614853762734,3043,20
2,3036,16,0.0006583278472679394,0.1111111111111111,0.0013089005235602095,1.0,0.03438914027149331,1.0,0.1114834983534066,0.0006583278472679394,3038,25
1,3036,6,0.00032927230819888045,0.14285714285714285,0.000657030223390276,,0.0,,0.0,0.00032927230819888045,3037,30
1,3036,3,0.00032927230819888045,0.25,0.0006576783952647155,,0.0,,0.0,0.00032927230819888045,3037,35
0,3036,3,0.0,0.0,0.0,,0.0,,0.0,0.0,3036,40
0,3036,3,0.0,0.0,0.0,,0.0,,0.0,0.0,3036,45
0,3036,3,0.0,0.0,0.0,,0.0,,0.0,0.0,3036,50
0,3036,2,0.0,0.0,0.0,,0.0,,0.0,0.0,3036,55
0,3036,2,0.0,0.0,0.0,,0.0,,0.0,0.0,3036,60
0,3036,1,0.0,0.0,0.0,,0.0,,0.0,0.0,3036,65
0,3036,1,0.0,0.0,0.0,,0.0,,0.0,0.0,3036,70
0,3036,1,0.0,0.0,0.0,,0.0,,0.0,0.0,3036,75
0,3036,1,0.0,0.0,0.0,,0.0,,0.0,0.0,3036,80
0,3036,0,0.0,0.0,0.0,,0.0,,0.0,0.0,3036,85
0,3036,0,0.0,0.0,0.0,,0.0,,0.0,0.0,3036,90
0,3036,0,0.0,0.0,0.0,,0.0,,0.0,0.0,3036,95
