TP,FP,FN,precision,recall,F1,corr_reads_mapped,L1_f_unique_weighted_reads_mapped,corr_ave_abund,L1_average_abund_reads_mapped_div_gene_len,percent_correct_predictions,total_number_of_predictions,filter_threshold
7812,4003,23181,0.6611933982225984,0.25205691607782404,0.3649785086899645,0.2876872219241427,0.7119932295732326,0.1870316473380537,0.6497967109897138,0.6611933982225984,11815,0
3268,4003,3809,0.44945674597716956,0.4617775893740285,0.4555338723166992,0.42869501333078963,0.5120503804845344,0.2177972327684422,0.34230772085923894,0.44945674597716956,7271,5
1067,4003,817,0.21045364891518736,0.5663481953290871,0.3068737417313776,0.375508586609456,0.49026807397295413,0.1619777211276438,0.3211323733732928,0.21045364891518736,5070,10
324,4003,354,0.07487866882366535,0.4778761061946903,0.12947052947052945,0.35851848200178565,0.4440199284749018,0.22875460858946545,0.3175088184429097,0.07487866882366535,4327,15
95,4003,255,0.02318204001952172,0.2714285714285714,0.042715827338129495,0.37416167779941173,0.40805601958648036,0.36246941597438403,0.31286812904784866,0.02318204001952172,4098,20
33,4003,232,0.00817641228939544,0.12452830188679245,0.015345268542199487,0.4692717032791588,0.38830163488378844,0.5048617407453574,0.3595453345707267,0.00817641228939544,4036,25
10,4003,219,0.0024919013207077,0.043668122270742356,0.004714757190004714,0.7370093561389223,0.2701307558001342,0.890560367153784,0.2598873774060484,0.0024919013207077,4013,30
7,4003,210,0.001745635910224439,0.03225806451612903,0.003312041637094866,0.6588716537082855,0.2533565468348077,0.9216166657222129,0.28484390445033,0.001745635910224439,4010,35
4,4003,201,0.0009982530571499876,0.01951219512195122,0.001899335232668566,0.08775820362831195,0.22633456542571612,0.9017449932331083,0.16417401118751096,0.0009982530571499876,4007,40
4,4003,183,0.0009982530571499876,0.0213903743315508,0.001907486886027659,0.08775820362831195,0.22633456542571612,0.9017449932331083,0.16417401118751096,0.0009982530571499876,4007,45
2,4003,170,0.0004993757802746567,0.011627906976744186,0.000957625089777352,1.0,0.1031458154718724,0.9999999999999999,0.034007004868195745,0.0004993757802746567,4005,50
1,4003,162,0.00024975024975024975,0.006134969325153374,0.00047996160307175426,,0.0,,0.0,0.00024975024975024975,4004,55
1,4003,144,0.00024975024975024975,0.006896551724137931,0.00048204386599180526,,0.0,,0.0,0.00024975024975024975,4004,60
1,4003,135,0.00024975024975024975,0.007352941176470588,0.0004830917874396135,,0.0,,0.0,0.00024975024975024975,4004,65
0,4003,126,0.0,0.0,0.0,,0.0,,0.0,0.0,4003,70
0,4003,116,0.0,0.0,0.0,,0.0,,0.0,0.0,4003,75
0,4003,109,0.0,0.0,0.0,,0.0,,0.0,0.0,4003,80
0,4003,100,0.0,0.0,0.0,,0.0,,0.0,0.0,4003,85
0,4003,93,0.0,0.0,0.0,,0.0,,0.0,0.0,4003,90
0,4003,83,0.0,0.0,0.0,,0.0,,0.0,0.0,4003,95
