TP,FP,FN,precision,recall,F1,corr_reads_mapped,L1_f_unique_weighted_reads_mapped,corr_ave_abund,L1_average_abund_reads_mapped_div_gene_len,percent_correct_predictions,total_number_of_predictions,filter_threshold
4735,3740,30844,0.5587020648967551,0.13308412265662328,0.21496345394288827,0.20990436069405455,1.0255944413698184,-0.04847312773481859,0.7760669188380951,0.5587020648967551,8475,0
1361,3740,6550,0.2668104293275828,0.1720389331310833,0.20919151552413157,0.3337712698267609,0.9405810117149888,-0.15505275015856101,0.5832289883214554,0.2668104293275828,5101,5
390,3740,1544,0.09443099273607748,0.20165460186142709,0.12862796833773088,0.44772064983296844,0.9617567278008716,-0.2078067112667314,0.5524973484215143,0.09443099273607748,4130,10
135,3740,417,0.03483870967741935,0.24456521739130435,0.06098938332956856,0.442751043717836,1.0359268823462144,-0.37200270060851476,0.5408680887819453,0.03483870967741935,3875,15
47,3740,155,0.01241087932400317,0.23267326732673269,0.023564803208824266,0.4429440337236852,0.9836221421278856,-0.5210199725709261,0.5385478129873521,0.01241087932400317,3787,20
15,3740,61,0.0039946737683089215,0.19736842105263158,0.007830853563038372,0.6149729472499559,0.9163546025951089,-0.5417040690190811,0.5908607862897449,0.0039946737683089215,3755,25
7,3740,35,0.0018681611956231651,0.16666666666666666,0.0036949063077329107,0.9298800439162972,0.587956347450017,-0.8158206551545726,0.3970415885354231,0.0018681611956231651,3747,30
3,3740,17,0.0008014961261020571,0.15,0.001594472495349455,0.9647103855513541,0.2566168841676424,-0.5927355162515814,0.19449900239812123,0.0008014961261020571,3743,35
2,3740,6,0.0005344735435595938,0.25,0.0010666666666666665,1.0,0.24692462239808288,-0.9999999999999999,0.23196417794665403,0.0005344735435595938,3742,40
2,3740,2,0.0005344735435595938,0.5,0.0010678056593699946,1.0,0.24692462239808288,-0.9999999999999999,0.23196417794665403,0.0005344735435595938,3742,45
2,3740,2,0.0005344735435595938,0.5,0.0010678056593699946,1.0,0.24692462239808288,-0.9999999999999999,0.23196417794665403,0.0005344735435595938,3742,50
1,3740,1,0.0002673082063619353,0.5,0.0005343307507347048,,0.0,,0.0,0.0002673082063619353,3741,55
1,3740,1,0.0002673082063619353,0.5,0.0005343307507347048,,0.0,,0.0,0.0002673082063619353,3741,60
1,3740,0,0.0002673082063619353,1.0,0.0005344735435595938,,0.0,,0.0,0.0002673082063619353,3741,65
1,3740,0,0.0002673082063619353,1.0,0.0005344735435595938,,0.0,,0.0,0.0002673082063619353,3741,70
0,3740,0,0.0,0.0,0.0,,0.0,,0.0,0.0,3740,75
0,3740,0,0.0,0.0,0.0,,0.0,,0.0,0.0,3740,80
0,3740,0,0.0,0.0,0.0,,0.0,,0.0,0.0,3740,85
0,3740,0,0.0,0.0,0.0,,0.0,,0.0,0.0,3740,90
0,3740,0,0.0,0.0,0.0,,0.0,,0.0,0.0,3740,95
