TP,FP,FN,precision,recall,F1,corr_reads_mapped,L1_f_unique_weighted_reads_mapped,corr_ave_abund,L1_average_abund_reads_mapped_div_gene_len,percent_correct_predictions,total_number_of_predictions,filter_threshold
10217,3540,33450,0.7426764556225921,0.23397531316554834,0.35584424630816386,0.23240345976444876,0.5837125606584782,0.19419094857889835,0.47637926490944554,0.7426764556225921,13757,0
3023,3540,3213,0.4606125247600183,0.4847658755612572,0.4723806547386515,0.2948140507924658,0.4605909809781975,0.20570198152753005,0.32541576244814696,0.4606125247600183,6563,5
398,3540,219,0.101066531234129,0.6450567260940032,0.17475301866081228,0.32672131438528634,0.44240530629805197,0.16856845515755753,0.28274194044873197,0.101066531234129,3938,10
51,3540,23,0.014202172096908938,0.6891891891891891,0.027830832196452934,0.3431418721970506,0.4403307375581416,0.48272543043346483,0.2797444283818243,0.014202172096908938,3591,15
8,3540,6,0.002254791431792559,0.5714285714285714,0.004491858506457047,0.6980060776113172,0.16674837472023873,0.9226933180840381,0.18842740126333793,0.002254791431792559,3548,20
4,3540,4,0.001128668171557562,0.5,0.0022522522522522522,0.9739572212008573,0.04988462806285021,-0.41621166550358224,0.12651972720256544,0.001128668171557562,3544,25
2,3540,3,0.000564652738565782,0.4,0.001127713560755568,1.0,0.05429292929292928,-1.0,0.15664818485390336,0.000564652738565782,3542,30
2,3540,1,0.000564652738565782,0.6666666666666666,0.0011283497884344146,1.0,0.05429292929292928,-1.0,0.15664818485390336,0.000564652738565782,3542,35
1,3540,1,0.0002824060999717594,0.5,0.0005644933672029354,,0.0,,0.0,0.0002824060999717594,3541,40
1,3540,0,0.0002824060999717594,1.0,0.0005646527385657821,,0.0,,0.0,0.0002824060999717594,3541,45
0,3540,0,0.0,0.0,0.0,,0.0,,0.0,0.0,3540,50
0,3540,0,0.0,0.0,0.0,,0.0,,0.0,0.0,3540,55
0,3540,0,0.0,0.0,0.0,,0.0,,0.0,0.0,3540,60
0,3540,0,0.0,0.0,0.0,,0.0,,0.0,0.0,3540,65
0,3540,0,0.0,0.0,0.0,,0.0,,0.0,0.0,3540,70
0,3540,0,0.0,0.0,0.0,,0.0,,0.0,0.0,3540,75
0,3540,0,0.0,0.0,0.0,,0.0,,0.0,0.0,3540,80
0,3540,0,0.0,0.0,0.0,,0.0,,0.0,0.0,3540,85
0,3540,0,0.0,0.0,0.0,,0.0,,0.0,0.0,3540,90
0,3540,0,0.0,0.0,0.0,,0.0,,0.0,0.0,3540,95
