TP,FP,FN,precision,recall,F1,corr_reads_mapped,L1_f_unique_weighted_reads_mapped,corr_ave_abund,L1_average_abund_reads_mapped_div_gene_len,percent_correct_predictions,total_number_of_predictions,filter_threshold
5810,1418,15304,0.8038184836745987,0.27517287108079946,0.40999223766847787,0.3504710967931249,0.577029603789857,0.2714381132304504,0.4682274033931775,0.8038184836745987,7228,0
757,1418,331,0.34804597701149426,0.6957720588235294,0.4639901930738584,0.4094134312510227,0.5168247856152473,0.39292913926586326,0.3219837872510263,0.34804597701149426,2175,5
28,1418,16,0.019363762102351315,0.6363636363636364,0.03758389261744966,0.30372299129778013,0.3321161408994666,0.5795341326628303,0.2981422607312626,0.019363762102351315,1446,10
3,1418,2,0.00211118930330753,0.6,0.004207573632538569,0.6190320440817463,0.11687982778270228,0.9023320528147997,0.40541156973870734,0.00211118930330753,1421,15
1,1418,0,0.0007047216349541931,1.0,0.001408450704225352,,0.0,,0.0,0.0007047216349541931,1419,20
0,1418,0,0.0,0.0,0.0,,0.0,,0.0,0.0,1418,25
0,1418,0,0.0,0.0,0.0,,0.0,,0.0,0.0,1418,30
0,1418,0,0.0,0.0,0.0,,0.0,,0.0,0.0,1418,35
0,1418,0,0.0,0.0,0.0,,0.0,,0.0,0.0,1418,40
0,1418,0,0.0,0.0,0.0,,0.0,,0.0,0.0,1418,45
0,1418,0,0.0,0.0,0.0,,0.0,,0.0,0.0,1418,50
0,1418,0,0.0,0.0,0.0,,0.0,,0.0,0.0,1418,55
0,1418,0,0.0,0.0,0.0,,0.0,,0.0,0.0,1418,60
0,1418,0,0.0,0.0,0.0,,0.0,,0.0,0.0,1418,65
0,1418,0,0.0,0.0,0.0,,0.0,,0.0,0.0,1418,70
0,1418,0,0.0,0.0,0.0,,0.0,,0.0,0.0,1418,75
0,1418,0,0.0,0.0,0.0,,0.0,,0.0,0.0,1418,80
0,1418,0,0.0,0.0,0.0,,0.0,,0.0,0.0,1418,85
0,1418,0,0.0,0.0,0.0,,0.0,,0.0,0.0,1418,90
0,1418,0,0.0,0.0,0.0,,0.0,,0.0,0.0,1418,95
