TP,FP,FN,precision,recall,F1,corr_reads_mapped,L1_f_unique_weighted_reads_mapped,corr_ave_abund,L1_average_abund_reads_mapped_div_gene_len,percent_correct_predictions,total_number_of_predictions,filter_threshold
10669,2096,23349,0.8358010184097141,0.31362807925216063,0.4561058504157494,0.4868426730759754,0.6493055200090332,0.43003748123782815,0.5525063999964618,0.8358010184097141,12765,0
3990,2096,3008,0.655603023332238,0.5701629036867677,0.6099052277590952,0.4706635778356875,0.5995416627831842,0.5070881657607215,0.4693240557851267,0.655603023332238,6086,5
1010,2096,412,0.3251770766258854,0.710267229254571,0.44611307420494706,0.3754065368943074,0.5367739191951173,0.5158273718547915,0.44028515045567157,0.3251770766258854,3106,10
432,2096,194,0.17088607594936708,0.6900958466453674,0.27393785668991755,0.41742645313715,0.4317133926132982,0.6266419186946456,0.29014980812089464,0.17088607594936708,2528,15
253,2096,114,0.10770540655598126,0.6893732970027248,0.18630338733431515,0.45826093003756113,0.3614837222951832,0.6125049695991363,0.21298476290096857,0.10770540655598126,2349,20
162,2096,82,0.07174490699734277,0.6639344262295082,0.1294964028776978,0.57723682636389,0.3219857284871137,0.6499678062929349,0.183945841678685,0.07174490699734277,2258,25
102,2096,63,0.04640582347588717,0.6181818181818182,0.08633093525179855,0.4662706440879204,0.3355759120464862,0.6805082429960273,0.17237004194038005,0.04640582347588717,2198,30
62,2096,48,0.028730305838739572,0.5636363636363636,0.054673721340388004,0.26754305363817654,0.3380189324741553,0.6373824054407222,0.17036016340745289,0.028730305838739572,2158,35
47,2096,37,0.021931871208586095,0.5595238095238095,0.042209250112258644,0.2531846829391072,0.33375274688112366,0.6690040270613927,0.14449239058039615,0.021931871208586095,2143,40
30,2096,21,0.014111006585136407,0.5882352941176471,0.027560863573725308,0.0491654477914157,0.31452245365286835,0.7744223605732635,0.12769015059643843,0.014111006585136407,2126,45
20,2096,13,0.00945179584120983,0.6060606060606061,0.018613308515588647,0.021895097707510924,0.3261358511479969,0.8197129191055001,0.1126832854966901,0.00945179584120983,2116,50
13,2096,10,0.006164058795637743,0.5652173913043478,0.012195121951219513,-0.13538541468908746,0.38631606488743664,0.8174897230973762,0.13772713762574013,0.006164058795637743,2109,55
7,2096,8,0.0033285782215882074,0.4666666666666667,0.0066100094428706326,0.06768395949883735,0.27985716744106004,0.7499793202100954,0.09051153045956124,0.0033285782215882074,2103,60
3,2096,6,0.0014292520247737017,0.3333333333333333,0.0028462998102466797,0.9928601208915567,0.3267326732673268,0.9957470009779167,0.12131946467842769,0.0014292520247737017,2099,65
0,2096,3,0.0,0.0,0.0,,0.0,,0.0,0.0,2096,70
0,2096,3,0.0,0.0,0.0,,0.0,,0.0,0.0,2096,75
0,2096,2,0.0,0.0,0.0,,0.0,,0.0,0.0,2096,80
0,2096,2,0.0,0.0,0.0,,0.0,,0.0,0.0,2096,85
0,2096,1,0.0,0.0,0.0,,0.0,,0.0,0.0,2096,90
0,2096,0,0.0,0.0,0.0,,0.0,,0.0,0.0,2096,95
