TP,FP,FN,precision,recall,F1,corr_reads_mapped,L1_f_unique_weighted_reads_mapped,corr_ave_abund,L1_average_abund_reads_mapped_div_gene_len,percent_correct_predictions,total_number_of_predictions,filter_threshold
11399,1172,24382,0.9067695489618964,0.318576898353875,0.47150066181336864,0.4576564046791673,0.5414318595057472,0.37236272411134813,0.40394474616725107,0.9067695489618964,12571,0
6141,1172,1862,0.8397374538493094,0.7673372485318005,0.801906503003395,0.5601019181321963,0.48468897191246024,0.43322162565691463,0.28693740757130715,0.8397374538493094,7313,5
1541,1172,338,0.5680058975304091,0.8201170835550825,0.6711672473867596,0.46843438482366384,0.4647159913961019,0.390064653394927,0.2520036981022329,0.5680058975304091,2713,10
367,1172,86,0.23846653671215073,0.8101545253863135,0.36847389558232935,0.4007511049338563,0.42390559386678694,0.39059113895117653,0.22819597170938508,0.23846653671215073,1539,15
117,1172,25,0.09076803723816912,0.823943661971831,0.16352201257861634,0.3703309966308644,0.3667263840988282,0.5366467592389628,0.20950110259050228,0.09076803723816912,1289,20
44,1172,10,0.03618421052631579,0.8148148148148148,0.06929133858267716,0.3185213887341661,0.30300032177216885,0.6915538230236671,0.18686622672650935,0.03618421052631579,1216,25
20,1172,2,0.016778523489932886,0.9090909090909091,0.032948929159802305,0.3185644525314802,0.2633280362555367,0.8253848150668908,0.15778908954324194,0.016778523489932886,1192,30
6,1172,1,0.0050933786078098476,0.8571428571428571,0.010126582278481013,0.7274213628620012,0.168401830887028,0.977021000334344,0.17905082617291712,0.0050933786078098476,1178,35
3,1172,1,0.002553191489361702,0.75,0.0050890585241730275,0.2567283906265126,0.16205814683120684,0.9983915042590095,0.17623471955299264,0.002553191489361702,1175,40
3,1172,0,0.002553191489361702,1.0,0.005093378607809847,0.2567283906265126,0.16205814683120684,0.9983915042590095,0.17623471955299264,0.002553191489361702,1175,45
3,1172,0,0.002553191489361702,1.0,0.005093378607809847,0.2567283906265126,0.16205814683120684,0.9983915042590095,0.17623471955299264,0.002553191489361702,1175,50
2,1172,0,0.0017035775127768314,1.0,0.0034013605442176874,-1.0,0.19290322580645158,1.0,0.18641050462304704,0.0017035775127768314,1174,55
1,1172,0,0.0008525149190110827,1.0,0.0017035775127768314,,0.0,,0.0,0.0008525149190110827,1173,60
1,1172,0,0.0008525149190110827,1.0,0.0017035775127768314,,0.0,,0.0,0.0008525149190110827,1173,65
0,1172,0,0.0,0.0,0.0,,0.0,,0.0,0.0,1172,70
0,1172,0,0.0,0.0,0.0,,0.0,,0.0,0.0,1172,75
0,1172,0,0.0,0.0,0.0,,0.0,,0.0,0.0,1172,80
0,1172,0,0.0,0.0,0.0,,0.0,,0.0,0.0,1172,85
0,1172,0,0.0,0.0,0.0,,0.0,,0.0,0.0,1172,90
0,1172,0,0.0,0.0,0.0,,0.0,,0.0,0.0,1172,95
