TP,FP,FN,precision,recall,F1,corr_reads_mapped,L1_f_unique_weighted_reads_mapped,corr_ave_abund,L1_average_abund_reads_mapped_div_gene_len,percent_correct_predictions,total_number_of_predictions,filter_threshold
7880,2157,22286,0.7850951479525755,0.2612212424583969,0.39201054647663114,0.3176764106878411,0.6793284660522103,0.25804801699896346,0.5120779651112979,0.7850951479525755,10037,0
4568,2157,4754,0.6792565055762082,0.49002360008581847,0.5693276001744874,0.33764868336499787,0.5657682202280127,0.2653801577851279,0.3177459867600402,0.6792565055762082,6725,5
1736,2157,847,0.44592858977652194,0.6720867208672087,0.5361334156886968,0.2756189015794411,0.5648316598683125,0.25459037322762373,0.2794096826387509,0.44592858977652194,3893,10
525,2157,168,0.19574944071588368,0.7575757575757576,0.3111111111111111,0.15292124901119059,0.5923829269145329,0.1440158075107313,0.28109509753724427,0.19574944071588368,2682,15
174,2157,35,0.07464607464607464,0.8325358851674641,0.13700787401574804,0.28528803634388267,0.5854930697268397,0.21100632967292723,0.27205344723071523,0.07464607464607464,2331,20
56,2157,14,0.025305015815634886,0.8,0.049058256679807274,0.3135557439010074,0.5440391348612712,0.14269582734422928,0.3034755515207833,0.025305015815634886,2213,25
24,2157,7,0.011004126547455296,0.7741935483870968,0.0216998191681736,0.37807569687354986,0.520758831402883,0.35118360318031167,0.20255822124873213,0.011004126547455296,2181,30
7,2157,5,0.003234750462107209,0.5833333333333334,0.006433823529411765,0.47960556967212514,0.5264026402640111,0.22132827136141908,0.2229698454942375,0.003234750462107209,2164,35
2,2157,1,0.0009263547938860583,0.6666666666666666,0.0018501387604070306,1.0,0.4019967273555789,1.0,0.06789328504215997,0.0009263547938860583,2159,40
1,2157,1,0.0004633920296570899,0.5,0.000925925925925926,,0.0,,0.0,0.0004633920296570899,2158,45
1,2157,0,0.0004633920296570899,1.0,0.0009263547938860583,,0.0,,0.0,0.0004633920296570899,2158,50
1,2157,0,0.0004633920296570899,1.0,0.0009263547938860583,,0.0,,0.0,0.0004633920296570899,2158,55
1,2157,0,0.0004633920296570899,1.0,0.0009263547938860583,,0.0,,0.0,0.0004633920296570899,2158,60
1,2157,0,0.0004633920296570899,1.0,0.0009263547938860583,,0.0,,0.0,0.0004633920296570899,2158,65
1,2157,0,0.0004633920296570899,1.0,0.0009263547938860583,,0.0,,0.0,0.0004633920296570899,2158,70
1,2157,0,0.0004633920296570899,1.0,0.0009263547938860583,,0.0,,0.0,0.0004633920296570899,2158,75
1,2157,0,0.0004633920296570899,1.0,0.0009263547938860583,,0.0,,0.0,0.0004633920296570899,2158,80
0,2157,0,0.0,0.0,0.0,,0.0,,0.0,0.0,2157,85
0,2157,0,0.0,0.0,0.0,,0.0,,0.0,0.0,2157,90
0,2157,0,0.0,0.0,0.0,,0.0,,0.0,0.0,2157,95
