TP,FP,FN,precision,recall,F1,corr_reads_mapped,L1_f_unique_weighted_reads_mapped,corr_ave_abund,L1_average_abund_reads_mapped_div_gene_len,percent_correct_predictions,total_number_of_predictions,filter_threshold
4659,3840,28522,0.5481821390751853,0.14041168138392454,0.22356046065259116,0.2002235518121112,1.071435317513132,-0.006316928195343555,0.8713919775480221,0.5481821390751853,8499,0
1692,3840,4842,0.30585683297180044,0.25895316804407714,0.28045748383888613,0.21821675506668758,0.9949998219139369,-0.09016800661587733,0.691782399932958,0.30585683297180044,5532,5
721,3840,847,0.15807936855952642,0.45982142857142855,0.23527492249959214,0.24999130826841487,0.9757339574024906,-0.17899815826197943,0.6768399461646212,0.15807936855952642,4561,10
350,3840,221,0.08353221957040573,0.6129597197898424,0.14702793530770847,0.24015762435624638,0.9755521323289531,-0.30073438287286725,0.610444780584128,0.08353221957040573,4190,15
220,3840,91,0.054187192118226604,0.707395498392283,0.10066346373827499,0.2963816452329099,0.9322710774419396,-0.38929841957490857,0.5183776166023215,0.054187192118226604,4060,20
141,3840,40,0.03541823662396383,0.7790055248618785,0.06775588659298415,0.27101055198954505,0.9259080398503761,-0.4559763358882108,0.48029860570214944,0.03541823662396383,3981,25
89,3840,18,0.02265207431916518,0.8317757009345794,0.04410307234886026,0.17451139197429874,0.9428698455719653,-0.5916624455358555,0.4949749625579725,0.02265207431916518,3929,30
55,3840,10,0.014120667522464698,0.8461538461538461,0.027777777777777776,0.23066376975145836,0.8879077931626311,-0.5650447436286087,0.4195139734433082,0.014120667522464698,3895,35
38,3840,8,0.009798865394533264,0.8260869565217391,0.019367991845056064,0.12871137122783857,0.9003348047011781,-0.5051920054986611,0.4001192331416292,0.009798865394533264,3878,40
29,3840,2,0.007495476867407599,0.9354838709677419,0.014871794871794871,0.058117283555755454,0.9127509945802073,-0.5682107423162244,0.41122435431367305,0.007495476867407599,3869,45
17,3840,1,0.0044075706507648435,0.9444444444444444,0.0087741935483871,-0.05653764099987185,0.7558310165309743,-0.6856434655589185,0.36885248831674977,0.0044075706507648435,3857,50
10,3840,0,0.0025974025974025974,1.0,0.0051813471502590676,0.4027848304842743,0.5481925853146391,-0.21632943156749881,0.18334459590301297,0.0025974025974025974,3850,55
5,3840,0,0.0013003901170351106,1.0,0.0025974025974025974,0.3423364512123361,0.6876697824345339,-0.37927550042334773,0.2294035023769096,0.0013003901170351106,3845,60
4,3840,0,0.001040582726326743,1.0,0.002079002079002079,0.9231569043317309,0.653526661451534,-0.03316597336162374,0.22376222235420282,0.001040582726326743,3844,65
1,3840,0,0.0002603488674824265,1.0,0.0005205622071837586,,0.0,,0.0,0.0002603488674824265,3841,70
1,3840,0,0.0002603488674824265,1.0,0.0005205622071837586,,0.0,,0.0,0.0002603488674824265,3841,75
1,3840,0,0.0002603488674824265,1.0,0.0005205622071837586,,0.0,,0.0,0.0002603488674824265,3841,80
0,3840,0,0.0,0.0,0.0,,0.0,,0.0,0.0,3840,85
0,3840,0,0.0,0.0,0.0,,0.0,,0.0,0.0,3840,90
0,3840,0,0.0,0.0,0.0,,0.0,,0.0,0.0,3840,95
