TP,FP,FN,precision,recall,F1,corr_reads_mapped,L1_f_unique_weighted_reads_mapped,corr_ave_abund,L1_average_abund_reads_mapped_div_gene_len,percent_correct_predictions,total_number_of_predictions,filter_threshold
5697,1503,13071,0.79125,0.30354859335038364,0.4387707948243993,0.36376779487529315,0.5247871750815963,0.17091194316927877,0.4823647954135133,0.79125,7200,0
659,1503,424,0.30481036077705825,0.6084949215143121,0.40616332819722645,0.3843169116861341,0.4563822340519921,0.23977169056315345,0.32852571060993374,0.30481036077705825,2162,5
20,1503,196,0.013131976362442548,0.09259259259259259,0.023001725129384705,0.41070132765235046,0.4759054175397058,0.10132779943282332,0.38052191530054974,0.013131976362442548,1523,10
5,1503,146,0.0033156498673740055,0.033112582781456956,0.006027727546714889,0.9548697344373042,0.042215793421308906,0.4603518314052149,0.15692735460215512,0.0033156498673740055,1508,15
3,1503,111,0.00199203187250996,0.02631578947368421,0.003703703703703704,0.9211738883943034,0.04546195209396342,-0.01774529069323556,0.08039786772025298,0.00199203187250996,1506,20
1,1503,86,0.0006648936170212766,0.011494252873563218,0.0012570710245128852,,0.0,,0.0,0.0006648936170212766,1504,25
0,1503,60,0.0,0.0,0.0,,0.0,,0.0,0.0,1503,30
0,1503,45,0.0,0.0,0.0,,0.0,,0.0,0.0,1503,35
0,1503,33,0.0,0.0,0.0,,0.0,,0.0,0.0,1503,40
0,1503,19,0.0,0.0,0.0,,0.0,,0.0,0.0,1503,45
0,1503,14,0.0,0.0,0.0,,0.0,,0.0,0.0,1503,50
0,1503,12,0.0,0.0,0.0,,0.0,,0.0,0.0,1503,55
0,1503,9,0.0,0.0,0.0,,0.0,,0.0,0.0,1503,60
0,1503,4,0.0,0.0,0.0,,0.0,,0.0,0.0,1503,65
0,1503,3,0.0,0.0,0.0,,0.0,,0.0,0.0,1503,70
0,1503,3,0.0,0.0,0.0,,0.0,,0.0,0.0,1503,75
0,1503,2,0.0,0.0,0.0,,0.0,,0.0,0.0,1503,80
0,1503,1,0.0,0.0,0.0,,0.0,,0.0,0.0,1503,85
0,1503,1,0.0,0.0,0.0,,0.0,,0.0,0.0,1503,90
0,1503,0,0.0,0.0,0.0,,0.0,,0.0,0.0,1503,95
