TP,FP,FN,precision,recall,F1,corr_reads_mapped,L1_f_unique_weighted_reads_mapped,corr_ave_abund,L1_average_abund_reads_mapped_div_gene_len,percent_correct_predictions,total_number_of_predictions,filter_threshold
5063,1825,17037,0.7350464576074333,0.2290950226244344,0.3493169587415482,0.2362012288490732,0.5606871427176319,0.158467715581159,0.4755599429634346,0.7350464576074333,6888,0
341,1825,165,0.15743305632502308,0.6739130434782609,0.25523952095808383,0.4514364806196988,0.37722729815997386,0.3627719529652996,0.34652341640697504,0.15743305632502308,2166,5
4,1825,21,0.002186987424822307,0.16,0.004314994606256742,0.3218244033095881,0.265993265993266,0.9920437145267611,0.205163583088911,0.002186987424822307,1829,10
2,1825,6,0.0010946907498631637,0.25,0.0021798365122615805,-1.0,0.0761904761904762,1.0,0.007238682928386364,0.0010946907498631637,1827,15
0,1825,1,0.0,0.0,0.0,,0.0,,0.0,0.0,1825,20
0,1825,0,0.0,0.0,0.0,,0.0,,0.0,0.0,1825,25
0,1825,0,0.0,0.0,0.0,,0.0,,0.0,0.0,1825,30
0,1825,0,0.0,0.0,0.0,,0.0,,0.0,0.0,1825,35
0,1825,0,0.0,0.0,0.0,,0.0,,0.0,0.0,1825,40
0,1825,0,0.0,0.0,0.0,,0.0,,0.0,0.0,1825,45
0,1825,0,0.0,0.0,0.0,,0.0,,0.0,0.0,1825,50
0,1825,0,0.0,0.0,0.0,,0.0,,0.0,0.0,1825,55
0,1825,0,0.0,0.0,0.0,,0.0,,0.0,0.0,1825,60
0,1825,0,0.0,0.0,0.0,,0.0,,0.0,0.0,1825,65
0,1825,0,0.0,0.0,0.0,,0.0,,0.0,0.0,1825,70
0,1825,0,0.0,0.0,0.0,,0.0,,0.0,0.0,1825,75
0,1825,0,0.0,0.0,0.0,,0.0,,0.0,0.0,1825,80
0,1825,0,0.0,0.0,0.0,,0.0,,0.0,0.0,1825,85
0,1825,0,0.0,0.0,0.0,,0.0,,0.0,0.0,1825,90
0,1825,0,0.0,0.0,0.0,,0.0,,0.0,0.0,1825,95
