TP,FP,FN,precision,recall,F1,corr_reads_mapped,L1_f_unique_weighted_reads_mapped,corr_ave_abund,L1_average_abund_reads_mapped_div_gene_len,percent_correct_predictions,total_number_of_predictions,filter_threshold
4945,2455,15988,0.6682432432432432,0.23622987627191516,0.3490629301521194,0.3424741005152113,0.5696170389333653,0.25444664214828255,0.5322395988851198,0.6682432432432432,7400,0
638,2455,209,0.2062722276107339,0.7532467532467533,0.3238578680203046,0.5388617367420575,0.40386280607682823,0.5010840958018364,0.3606516507845667,0.2062722276107339,3093,5
81,2455,4,0.03194006309148265,0.9529411764705882,0.06180847004959939,0.5277901429893134,0.32161327005651397,0.5825982581874385,0.26166850447041756,0.03194006309148265,2536,10
17,2455,0,0.006877022653721683,1.0,0.01366010445962234,0.3896576613624162,0.31271043771043766,0.6370449482344495,0.20413746625243887,0.006877022653721683,2472,15
1,2455,0,0.00040716612377850165,1.0,0.000814000814000814,,0.0,,0.0,0.00040716612377850165,2456,20
0,2455,0,0.0,0.0,0.0,,0.0,,0.0,0.0,2455,25
0,2455,0,0.0,0.0,0.0,,0.0,,0.0,0.0,2455,30
0,2455,0,0.0,0.0,0.0,,0.0,,0.0,0.0,2455,35
0,2455,0,0.0,0.0,0.0,,0.0,,0.0,0.0,2455,40
0,2455,0,0.0,0.0,0.0,,0.0,,0.0,0.0,2455,45
0,2455,0,0.0,0.0,0.0,,0.0,,0.0,0.0,2455,50
0,2455,0,0.0,0.0,0.0,,0.0,,0.0,0.0,2455,55
0,2455,0,0.0,0.0,0.0,,0.0,,0.0,0.0,2455,60
0,2455,0,0.0,0.0,0.0,,0.0,,0.0,0.0,2455,65
0,2455,0,0.0,0.0,0.0,,0.0,,0.0,0.0,2455,70
0,2455,0,0.0,0.0,0.0,,0.0,,0.0,0.0,2455,75
0,2455,0,0.0,0.0,0.0,,0.0,,0.0,0.0,2455,80
0,2455,0,0.0,0.0,0.0,,0.0,,0.0,0.0,2455,85
0,2455,0,0.0,0.0,0.0,,0.0,,0.0,0.0,2455,90
0,2455,0,0.0,0.0,0.0,,0.0,,0.0,0.0,2455,95
