TP,FP,FN,precision,recall,F1,corr_reads_mapped,L1_f_unique_weighted_reads_mapped,corr_ave_abund,L1_average_abund_reads_mapped_div_gene_len,percent_correct_predictions,total_number_of_predictions,filter_threshold
10513,2475,26241,0.8094394825993224,0.28603689394351633,0.42270113787141644,0.3215075215573837,0.6564546748612169,0.2852239159459164,0.6207963368997613,0.8094394825993224,12988,0
4401,2475,2943,0.6400523560209425,0.5992647058823529,0.6189873417721519,0.3655273393848972,0.46290247939566354,0.2913923382694143,0.3035368104170767,0.6400523560209425,6876,5
1742,2475,488,0.41308987431823574,0.7811659192825112,0.5404063905692571,0.5009181547205782,0.42461719587407964,0.31727368261640854,0.24347002658005124,0.41308987431823574,4217,10
536,2475,91,0.17801394885420127,0.8548644338118022,0.29466739967014843,0.4082079816354299,0.41711749923610697,0.24905714428252648,0.23235850441984124,0.17801394885420127,3011,15
177,2475,18,0.0667420814479638,0.9076923076923077,0.1243414120126449,0.3159835538972016,0.4231493877171836,0.16431559592012568,0.24638758304960368,0.0667420814479638,2652,20
58,2475,5,0.02289774970390841,0.9206349206349206,0.04468412942989214,0.5386311879095574,0.3651114074525429,0.36241986533230586,0.22397879597366735,0.02289774970390841,2533,25
26,2475,1,0.010395841663334666,0.9629629629629629,0.02056962025316456,0.6054330424294656,0.2786625093539779,0.3276258568578198,0.2050901523139255,0.010395841663334666,2501,30
12,2475,1,0.0048250904704463205,0.9230769230769231,0.0096,0.6514525257232174,0.21638640969969664,0.43497779657026686,0.16198310457482765,0.0048250904704463205,2487,35
4,2475,0,0.0016135538523598225,1.0,0.0032219089810712844,0.9967683627023246,0.03741735603163937,0.6876681059031452,0.04431781705283691,0.0016135538523598225,2479,40
4,2475,0,0.0016135538523598225,1.0,0.0032219089810712844,0.9967683627023246,0.03741735603163937,0.6876681059031452,0.04431781705283691,0.0016135538523598225,2479,45
3,2475,0,0.0012106537530266344,1.0,0.002418379685610641,0.9965187134311734,0.03593947036556691,0.9715669990920162,0.031528701521557345,0.0012106537530266344,2478,50
2,2475,0,0.0008074283407347598,1.0,0.0016135538523598227,1.0,0.005959982971820266,1.0,0.044134108661049276,0.0008074283407347598,2477,55
2,2475,0,0.0008074283407347598,1.0,0.0016135538523598227,1.0,0.005959982971820266,1.0,0.044134108661049276,0.0008074283407347598,2477,60
2,2475,0,0.0008074283407347598,1.0,0.0016135538523598227,1.0,0.005959982971820266,1.0,0.044134108661049276,0.0008074283407347598,2477,65
2,2475,0,0.0008074283407347598,1.0,0.0016135538523598227,1.0,0.005959982971820266,1.0,0.044134108661049276,0.0008074283407347598,2477,70
1,2475,0,0.0004038772213247173,1.0,0.00080742834073476,,0.0,,0.0,0.0004038772213247173,2476,75
1,2475,0,0.0004038772213247173,1.0,0.00080742834073476,,0.0,,0.0,0.0004038772213247173,2476,80
1,2475,0,0.0004038772213247173,1.0,0.00080742834073476,,0.0,,0.0,0.0004038772213247173,2476,85
0,2475,0,0.0,0.0,0.0,,0.0,,0.0,0.0,2475,90
0,2475,0,0.0,0.0,0.0,,0.0,,0.0,0.0,2475,95
