TP,FP,FN,precision,recall,F1,corr_reads_mapped,L1_f_unique_weighted_reads_mapped,corr_ave_abund,L1_average_abund_reads_mapped_div_gene_len,percent_correct_predictions,total_number_of_predictions,filter_threshold
4614,2144,16319,0.6827463746670612,0.22041752257201547,0.3332490700949767,0.3538789746673384,0.5259991127361876,0.2456649400424996,0.5227124653077931,0.6827463746670612,6758,0
647,2144,200,0.23181655320673594,0.7638724911452184,0.35568993952721273,0.5321655121905385,0.35489881759195185,0.4165436597398291,0.3673508069187022,0.23181655320673594,2791,5
81,2144,4,0.03640449438202247,0.9529411764705882,0.07012987012987013,0.652457839795434,0.23200639765564138,0.6430700426830132,0.2540243323891352,0.03640449438202247,2225,10
17,2144,0,0.007866728366496992,1.0,0.015610651974288337,0.3078634424686812,0.23747370434112297,0.5858618316896707,0.2092704396402325,0.007866728366496992,2161,15
1,2144,0,0.0004662004662004662,1.0,0.0009319664492078286,,0.0,,0.0,0.0004662004662004662,2145,20
0,2144,0,0.0,0.0,0.0,,0.0,,0.0,0.0,2144,25
0,2144,0,0.0,0.0,0.0,,0.0,,0.0,0.0,2144,30
0,2144,0,0.0,0.0,0.0,,0.0,,0.0,0.0,2144,35
0,2144,0,0.0,0.0,0.0,,0.0,,0.0,0.0,2144,40
0,2144,0,0.0,0.0,0.0,,0.0,,0.0,0.0,2144,45
0,2144,0,0.0,0.0,0.0,,0.0,,0.0,0.0,2144,50
0,2144,0,0.0,0.0,0.0,,0.0,,0.0,0.0,2144,55
0,2144,0,0.0,0.0,0.0,,0.0,,0.0,0.0,2144,60
0,2144,0,0.0,0.0,0.0,,0.0,,0.0,0.0,2144,65
0,2144,0,0.0,0.0,0.0,,0.0,,0.0,0.0,2144,70
0,2144,0,0.0,0.0,0.0,,0.0,,0.0,0.0,2144,75
0,2144,0,0.0,0.0,0.0,,0.0,,0.0,0.0,2144,80
0,2144,0,0.0,0.0,0.0,,0.0,,0.0,0.0,2144,85
0,2144,0,0.0,0.0,0.0,,0.0,,0.0,0.0,2144,90
0,2144,0,0.0,0.0,0.0,,0.0,,0.0,0.0,2144,95
