TP,FP,FN,precision,recall,F1,corr_reads_mapped,L1_f_unique_weighted_reads_mapped,corr_ave_abund,L1_average_abund_reads_mapped_div_gene_len,percent_correct_predictions,total_number_of_predictions,filter_threshold
2863,4647,17742,0.3812250332889481,0.13894685755884495,0.2036635248088209,0.2413189736618147,0.9724244317835868,-0.08733961305847726,0.7305813476097742,0.3812250332889481,7510,0
388,4647,580,0.07706057596822244,0.40082644628099173,0.1292686989838414,0.297279094388427,0.9630364739523853,-0.22270144989124607,0.5373823096273658,0.07706057596822244,5035,5
59,4647,18,0.012537186570335741,0.7662337662337663,0.024670708760192346,0.45766695659924694,0.9366974638014423,-0.38525778670067706,0.4929896688673568,0.012537186570335741,4706,10
11,4647,1,0.0023615285530270503,0.9166666666666666,0.004710920770877944,0.37266076769547396,1.0097838717460037,-0.642694620987556,0.5300882537597689,0.0023615285530270503,4658,15
5,4647,1,0.0010748065348237317,0.8333333333333334,0.0021468441391155,0.8553931371983408,0.9351647783124111,-0.3991716129030526,0.47896141908144907,0.0010748065348237317,4652,20
2,4647,0,0.00043020004302000433,1.0,0.0008600301010535369,1.0,0.6575734896529282,-1.0,0.6325361920143804,0.00043020004302000433,4649,25
0,4647,0,0.0,0.0,0.0,,0.0,,0.0,0.0,4647,30
0,4647,0,0.0,0.0,0.0,,0.0,,0.0,0.0,4647,35
0,4647,0,0.0,0.0,0.0,,0.0,,0.0,0.0,4647,40
0,4647,0,0.0,0.0,0.0,,0.0,,0.0,0.0,4647,45
0,4647,0,0.0,0.0,0.0,,0.0,,0.0,0.0,4647,50
0,4647,0,0.0,0.0,0.0,,0.0,,0.0,0.0,4647,55
0,4647,0,0.0,0.0,0.0,,0.0,,0.0,0.0,4647,60
0,4647,0,0.0,0.0,0.0,,0.0,,0.0,0.0,4647,65
0,4647,0,0.0,0.0,0.0,,0.0,,0.0,0.0,4647,70
0,4647,0,0.0,0.0,0.0,,0.0,,0.0,0.0,4647,75
0,4647,0,0.0,0.0,0.0,,0.0,,0.0,0.0,4647,80
0,4647,0,0.0,0.0,0.0,,0.0,,0.0,0.0,4647,85
0,4647,0,0.0,0.0,0.0,,0.0,,0.0,0.0,4647,90
0,4647,0,0.0,0.0,0.0,,0.0,,0.0,0.0,4647,95
