TP,FP,FN,precision,recall,F1,corr_reads_mapped,L1_f_unique_weighted_reads_mapped,corr_ave_abund,L1_average_abund_reads_mapped_div_gene_len,percent_correct_predictions,total_number_of_predictions,filter_threshold
4429,3995,33803,0.5257597340930674,0.11584536513915045,0.1898576817558299,0.21562039411172015,1.0635898372277894,0.013033368732548367,0.832782977547256,0.5257597340930674,8424,0
1325,3995,5352,0.24906015037593984,0.19844241425790027,0.2208885554722014,0.2893900219117588,0.9910588044382173,-0.09272113234803775,0.6678440073708798,0.24906015037593984,5320,5
519,3995,1198,0.11497563136907399,0.30227140361094934,0.16658642272508425,0.37309681849275905,0.9934957246508109,-0.16977250298707203,0.5773174252161728,0.11497563136907399,4514,10
246,3995,385,0.058005187455788726,0.3898573692551506,0.10098522167487683,0.45887689695066697,0.9569946521796451,-0.1435202873697147,0.5333946039766689,0.058005187455788726,4241,15
112,3995,125,0.027270513757000243,0.47257383966244726,0.05156537753222836,0.43160576403395257,0.9296374925003106,-0.1708563436418566,0.5398485145925627,0.027270513757000243,4107,20
56,3995,43,0.013823747222907924,0.5656565656565656,0.026987951807228915,0.6539732928381587,0.8024697060344391,-0.2560498545909576,0.4693111455326945,0.013823747222907924,4051,25
23,3995,19,0.005724240915878547,0.5476190476190477,0.011330049261083745,0.8288965628871836,0.7500027598388574,-0.07848868757486624,0.3921614876134537,0.005724240915878547,4018,30
11,3995,9,0.0027458811782326512,0.55,0.005464480874316941,0.8605705063290701,0.5998589643474528,-0.5842682323755318,0.4317839143260984,0.0027458811782326512,4006,35
6,3995,4,0.0014996250937265683,0.6,0.0029917726252804786,0.8605749678337945,0.5328999144568167,-0.9190480620468944,0.46162482477213385,0.0014996250937265683,4001,40
3,3995,3,0.0007503751875937969,0.5,0.0014985014985014985,0.7771066685455562,0.34391561725097236,-0.9578073872701947,0.25888745977718797,0.0007503751875937969,3998,45
3,3995,1,0.0007503751875937969,0.75,0.0014992503748125937,0.7771066685455562,0.34391561725097236,-0.9578073872701947,0.25888745977718797,0.0007503751875937969,3998,50
2,3995,0,0.0005003752814610958,1.0,0.0010002500625156288,1.0,0.3697394425668556,-1.0,0.3508083386535009,0.0005003752814610958,3997,55
2,3995,0,0.0005003752814610958,1.0,0.0010002500625156288,1.0,0.3697394425668556,-1.0,0.3508083386535009,0.0005003752814610958,3997,60
2,3995,0,0.0005003752814610958,1.0,0.0010002500625156288,1.0,0.3697394425668556,-1.0,0.3508083386535009,0.0005003752814610958,3997,65
2,3995,0,0.0005003752814610958,1.0,0.0010002500625156288,1.0,0.3697394425668556,-1.0,0.3508083386535009,0.0005003752814610958,3997,70
2,3995,0,0.0005003752814610958,1.0,0.0010002500625156288,1.0,0.3697394425668556,-1.0,0.3508083386535009,0.0005003752814610958,3997,75
2,3995,0,0.0005003752814610958,1.0,0.0010002500625156288,1.0,0.3697394425668556,-1.0,0.3508083386535009,0.0005003752814610958,3997,80
1,3995,0,0.00025025025025025025,1.0,0.0005003752814610958,,0.0,,0.0,0.00025025025025025025,3996,85
1,3995,0,0.00025025025025025025,1.0,0.0005003752814610958,,0.0,,0.0,0.00025025025025025025,3996,90
0,3995,0,0.0,0.0,0.0,,0.0,,0.0,0.0,3995,95
