TP,FP,FN,precision,recall,F1,corr_reads_mapped,L1_f_unique_weighted_reads_mapped,corr_ave_abund,L1_average_abund_reads_mapped_div_gene_len,percent_correct_predictions,total_number_of_predictions,filter_threshold
9500,3286,25075,0.7430001564210855,0.274765003615329,0.4011739616984438,0.577025782312272,0.5270796852432561,0.46045246272491674,0.6147137335389711,0.7430001564210855,12786,0
3328,3286,2267,0.5031750831569398,0.594816800714924,0.5451715947252027,0.6541602804396498,0.3726381371103087,0.5083788858625138,0.3939318040503348,0.5031750831569398,6614,5
1110,3286,423,0.25250227479526843,0.7240704500978473,0.37443076404115366,0.7119639845995729,0.3005175229988668,0.555456326641916,0.2907924745338062,0.25250227479526843,4396,10
497,3286,200,0.13137721385144066,0.7130559540889526,0.22187500000000002,0.6663904382811631,0.27720218007341524,0.5224008612086006,0.23603324236414702,0.13137721385144066,3783,15
242,3286,149,0.06859410430839002,0.618925831202046,0.12350089308497067,0.5913175774239661,0.27887450514450407,0.4379825871796565,0.2185527596137597,0.06859410430839002,3528,20
120,3286,116,0.03523194362889019,0.5084745762711864,0.06589785831960461,0.4824715586208602,0.29493091148891304,0.46090072695638734,0.20708200024772583,0.03523194362889019,3406,25
63,3286,95,0.018811585547924753,0.3987341772151899,0.03592814371257485,0.48710503088873097,0.2730925051544061,0.4427545242267858,0.19299743156684424,0.018811585547924753,3349,30
38,3286,77,0.011432009626955475,0.33043478260869563,0.022099447513812157,0.3961346904701315,0.2942173283705033,0.402587028250403,0.21100575017474096,0.011432009626955475,3324,35
18,3286,57,0.005447941888619854,0.24,0.010654039656703166,0.3024444967570986,0.340082159624327,0.3494329351280627,0.20219004952200215,0.005447941888619854,3304,40
9,3286,45,0.002731411229135053,0.16666666666666666,0.005374738727978501,0.6429259454135534,0.22267794751075096,0.49371937823008244,0.18575579093897698,0.002731411229135053,3295,45
6,3286,37,0.0018226002430133657,0.13953488372093023,0.003598200899550225,0.4973410719564711,0.21287490365595557,0.5161421980167067,0.2175287847524651,0.0018226002430133657,3292,50
3,3286,32,0.0009121313469139556,0.08571428571428572,0.0018050541516245488,0.07609514013803205,0.2742216687420781,0.7624995245969135,0.2093780428466054,0.0009121313469139556,3289,55
1,3286,25,0.000304228780042592,0.038461538461538464,0.0006036824630244491,,0.0,,0.0,0.000304228780042592,3287,60
1,3286,16,0.000304228780042592,0.058823529411764705,0.0006053268765133172,,0.0,,0.0,0.000304228780042592,3287,65
1,3286,13,0.000304228780042592,0.07142857142857142,0.0006058770069675856,,0.0,,0.0,0.000304228780042592,3287,70
1,3286,8,0.000304228780042592,0.1111111111111111,0.0006067961165048543,,0.0,,0.0,0.000304228780042592,3287,75
0,3286,4,0.0,0.0,0.0,,0.0,,0.0,0.0,3286,80
0,3286,4,0.0,0.0,0.0,,0.0,,0.0,0.0,3286,85
0,3286,4,0.0,0.0,0.0,,0.0,,0.0,0.0,3286,90
0,3286,2,0.0,0.0,0.0,,0.0,,0.0,0.0,3286,95
