TP,FP,FN,precision,recall,F1,corr_reads_mapped,L1_f_unique_weighted_reads_mapped,corr_ave_abund,L1_average_abund_reads_mapped_div_gene_len,percent_correct_predictions,total_number_of_predictions,filter_threshold
4302,2267,16303,0.6548942000304461,0.20878427566124727,0.3166261867962023,0.39956760059223134,0.48758905653289986,0.3003295569639239,0.5371505697390653,0.6548942000304461,6569,0
563,2267,405,0.1989399293286219,0.5816115702479339,0.2964718272775145,0.583821094008688,0.3252353060589379,0.37150808816664094,0.3525889640567904,0.1989399293286219,2830,5
68,2267,9,0.029122055674518203,0.8831168831168831,0.05638474295190713,0.7332157360928643,0.24395979119861402,0.5967224192523412,0.24208516468152855,0.029122055674518203,2335,10
11,2267,1,0.004828797190517998,0.9166666666666666,0.00960698689956332,0.678553871907449,0.27939569575726675,0.8381537154856606,0.19917851762847416,0.004828797190517998,2278,15
5,2267,1,0.0022007042253521128,0.8333333333333334,0.004389815627743635,0.42429126315383786,0.3627659574465122,0.7998487666712105,0.22761272634715848,0.0022007042253521128,2272,20
2,2267,0,0.0008814455707360071,1.0,0.0017613386173491855,1.0,0.18413696715548783,1.0,0.47671596118789084,0.0008814455707360071,2269,25
0,2267,0,0.0,0.0,0.0,,0.0,,0.0,0.0,2267,30
0,2267,0,0.0,0.0,0.0,,0.0,,0.0,0.0,2267,35
0,2267,0,0.0,0.0,0.0,,0.0,,0.0,0.0,2267,40
0,2267,0,0.0,0.0,0.0,,0.0,,0.0,0.0,2267,45
0,2267,0,0.0,0.0,0.0,,0.0,,0.0,0.0,2267,50
0,2267,0,0.0,0.0,0.0,,0.0,,0.0,0.0,2267,55
0,2267,0,0.0,0.0,0.0,,0.0,,0.0,0.0,2267,60
0,2267,0,0.0,0.0,0.0,,0.0,,0.0,0.0,2267,65
0,2267,0,0.0,0.0,0.0,,0.0,,0.0,0.0,2267,70
0,2267,0,0.0,0.0,0.0,,0.0,,0.0,0.0,2267,75
0,2267,0,0.0,0.0,0.0,,0.0,,0.0,0.0,2267,80
0,2267,0,0.0,0.0,0.0,,0.0,,0.0,0.0,2267,85
0,2267,0,0.0,0.0,0.0,,0.0,,0.0,0.0,2267,90
0,2267,0,0.0,0.0,0.0,,0.0,,0.0,0.0,2267,95
