TP,FP,FN,precision,recall,F1,corr_reads_mapped,L1_f_unique_weighted_reads_mapped,corr_ave_abund,L1_average_abund_reads_mapped_div_gene_len,percent_correct_predictions,total_number_of_predictions,filter_threshold
2983,4402,18332,0.4039268788083954,0.1399483931503636,0.20787456445993033,0.27669021259719406,0.9318879388416577,-0.13243473321837257,0.6900477087823751,0.4039268788083954,7385,0
277,4402,802,0.059200683906817694,0.2567191844300278,0.09621396318166028,0.37932585482110626,0.8897504898549465,-0.3414201641293834,0.5284048987896228,0.059200683906817694,4679,5
22,4402,66,0.004972875226039783,0.25,0.00975177304964539,0.4257623167212061,0.880828411511393,-0.7157687942002132,0.5686931880232864,0.004972875226039783,4424,10
3,4402,21,0.000681044267877412,0.125,0.0013547076089410702,0.9999589445561353,0.6612771150110108,-0.8311939852037235,0.6040171731042177,0.000681044267877412,4405,15
1,4402,6,0.0002271178741766977,0.14285714285714285,0.00045351473922902486,,0.0,,0.0,0.0002271178741766977,4403,20
1,4402,2,0.0002271178741766977,0.3333333333333333,0.00045392646391284613,,0.0,,0.0,0.0002271178741766977,4403,25
0,4402,0,0.0,0.0,0.0,,0.0,,0.0,0.0,4402,30
0,4402,0,0.0,0.0,0.0,,0.0,,0.0,0.0,4402,35
0,4402,0,0.0,0.0,0.0,,0.0,,0.0,0.0,4402,40
0,4402,0,0.0,0.0,0.0,,0.0,,0.0,0.0,4402,45
0,4402,0,0.0,0.0,0.0,,0.0,,0.0,0.0,4402,50
0,4402,0,0.0,0.0,0.0,,0.0,,0.0,0.0,4402,55
0,4402,0,0.0,0.0,0.0,,0.0,,0.0,0.0,4402,60
0,4402,0,0.0,0.0,0.0,,0.0,,0.0,0.0,4402,65
0,4402,0,0.0,0.0,0.0,,0.0,,0.0,0.0,4402,70
0,4402,0,0.0,0.0,0.0,,0.0,,0.0,0.0,4402,75
0,4402,0,0.0,0.0,0.0,,0.0,,0.0,0.0,4402,80
0,4402,0,0.0,0.0,0.0,,0.0,,0.0,0.0,4402,85
0,4402,0,0.0,0.0,0.0,,0.0,,0.0,0.0,4402,90
0,4402,0,0.0,0.0,0.0,,0.0,,0.0,0.0,4402,95
