TP,FP,FN,precision,recall,F1,corr_reads_mapped,L1_f_unique_weighted_reads_mapped,corr_ave_abund,L1_average_abund_reads_mapped_div_gene_len,percent_correct_predictions,total_number_of_predictions,filter_threshold
9299,3247,25276,0.7411924119241192,0.2689515545914678,0.39468602109462875,0.4679480923664846,0.619986480135937,0.44155694607201257,0.6021810986649274,0.7411924119241192,12546,0
3220,3247,2375,0.4979124787382094,0.5755138516532619,0.5339081412701044,0.6217188674316001,0.46290384360271014,0.5188039236011378,0.38054249185941197,0.4979124787382094,6467,5
1106,3247,427,0.25407764759935675,0.7214611872146118,0.37580699966021064,0.6184445184826673,0.4015485675910341,0.5349820295316144,0.2910927048855304,0.25407764759935675,4353,10
494,3247,203,0.13205025394279604,0.7087517934002869,0.22262280306444346,0.5850118722928153,0.3755637270725234,0.4975737980252994,0.24410634569779432,0.13205025394279604,3741,15
241,3247,150,0.0690940366972477,0.6163682864450127,0.1242588295952565,0.5567272759313597,0.36139643032656577,0.5250592808979836,0.21664223363946664,0.0690940366972477,3488,20
119,3247,117,0.03535353535353535,0.5042372881355932,0.06607440310938367,0.5040519234626286,0.3634641884755065,0.49830819425061834,0.2136616214856565,0.03535353535353535,3366,25
63,3247,95,0.019033232628398792,0.3987341772151899,0.03633217993079585,0.4910721798929716,0.3679050863652961,0.44612836209077733,0.21180101839034188,0.019033232628398792,3310,30
38,3247,77,0.01156773211567732,0.33043478260869563,0.02235294117647059,0.4628721647730796,0.3665526592021837,0.5235938295408467,0.2118860995961709,0.01156773211567732,3285,35
18,3247,57,0.005513016845329249,0.24,0.010778443113772454,0.5072370691551567,0.38689763757087214,0.5385926984167319,0.1989206289558666,0.005513016845329249,3265,40
9,3247,45,0.002764127764127764,0.16666666666666666,0.005438066465256798,0.35479109521369645,0.36945480346483783,0.4739459956669282,0.24972077245061225,0.002764127764127764,3256,45
6,3247,37,0.0018444512757454657,0.13953488372093023,0.003640776699029126,0.17358449527907097,0.36224298894139906,0.39277823735319717,0.3195386553990648,0.0018444512757454657,3253,50
3,3247,32,0.0009230769230769231,0.08571428571428572,0.0018264840182648401,-0.25820890178584366,0.5124161073825034,0.6062036915870465,0.3608370447044825,0.0009230769230769231,3250,55
1,3247,25,0.0003078817733990148,0.038461538461538464,0.0006108735491753207,,0.0,,0.0,0.0003078817733990148,3248,60
1,3247,16,0.0003078817733990148,0.058823529411764705,0.0006125574272588056,,0.0,,0.0,0.0003078817733990148,3248,65
1,3247,13,0.0003078817733990148,0.07142857142857142,0.0006131207847946045,,0.0,,0.0,0.0003078817733990148,3248,70
1,3247,8,0.0003078817733990148,0.1111111111111111,0.0006140620202640467,,0.0,,0.0,0.0003078817733990148,3248,75
0,3247,4,0.0,0.0,0.0,,0.0,,0.0,0.0,3247,80
0,3247,4,0.0,0.0,0.0,,0.0,,0.0,0.0,3247,85
0,3247,4,0.0,0.0,0.0,,0.0,,0.0,0.0,3247,90
0,3247,2,0.0,0.0,0.0,,0.0,,0.0,0.0,3247,95
