TP,FP,FN,precision,recall,F1,corr_reads_mapped,L1_f_unique_weighted_reads_mapped,corr_ave_abund,L1_average_abund_reads_mapped_div_gene_len,percent_correct_predictions,total_number_of_predictions,filter_threshold
3775,4701,27218,0.445375176970269,0.12180169715742264,0.19128936633813878,0.2455194721129988,1.0645108721708316,-0.06728571229159425,0.8476307024333127,0.445375176970269,8476,0
1282,4701,5795,0.21427377569781048,0.1811502048890773,0.19632465543644717,0.4285419158953032,0.907625155138508,-0.1970409475157111,0.5168413817845767,0.21427377569781048,5983,5
546,4701,1338,0.10405946255002858,0.2898089171974522,0.1531342027766092,0.5858536344893776,0.8797438092949628,-0.2263245722404422,0.4866194173790097,0.10405946255002858,5247,10
198,4701,480,0.04041641151255358,0.2920353982300885,0.0710059171597633,0.6107706432276154,0.8448687539138582,-0.25101658246986414,0.4670153279130078,0.04041641151255358,4899,15
65,4701,285,0.013638271086865297,0.18571428571428572,0.025410476935105553,0.7183847222008011,0.772915184204795,-0.4741325226321212,0.4220533997697103,0.013638271086865297,4766,20
20,4701,245,0.004236390595212879,0.07547169811320754,0.008022462896109106,0.721863575495637,0.6206222831106717,-0.6069211744100405,0.4573707111881866,0.004236390595212879,4721,25
7,4701,222,0.0014868309260832626,0.03056768558951965,0.0028357302005266355,0.36272126064829896,0.3245282652323817,-0.312195352179585,0.262905573229404,0.0014868309260832626,4708,30
5,4701,212,0.0010624734381640458,0.02304147465437788,0.0020312817387771686,0.06892774313652021,0.38537050842405707,-0.685278390762095,0.3179596620821977,0.0010624734381640458,4706,35
4,4701,201,0.0008501594048884166,0.01951219512195122,0.0016293279022403257,-0.4048548306405933,0.4177851422259197,-0.7437778762050804,0.3230308703537883,0.0008501594048884166,4705,40
4,4701,183,0.0008501594048884166,0.0213903743315508,0.001635322976287817,-0.4048548306405933,0.4177851422259197,-0.7437778762050804,0.3230308703537883,0.0008501594048884166,4705,45
2,4701,170,0.00042526047203912394,0.011627906976744186,0.0008205128205128205,1.0,0.1959804381322432,0.9999999999999999,0.08787741916704661,0.00042526047203912394,4703,50
1,4701,162,0.0002126754572522331,0.006134969325153374,0.00041109969167523125,,0.0,,0.0,0.0002126754572522331,4702,55
1,4701,144,0.0002126754572522331,0.006896551724137931,0.0004126263668248401,,0.0,,0.0,0.0002126754572522331,4702,60
1,4701,135,0.0002126754572522331,0.007352941176470588,0.00041339396444811904,,0.0,,0.0,0.0002126754572522331,4702,65
0,4701,126,0.0,0.0,0.0,,0.0,,0.0,0.0,4701,70
0,4701,116,0.0,0.0,0.0,,0.0,,0.0,0.0,4701,75
0,4701,109,0.0,0.0,0.0,,0.0,,0.0,0.0,4701,80
0,4701,100,0.0,0.0,0.0,,0.0,,0.0,0.0,4701,85
0,4701,93,0.0,0.0,0.0,,0.0,,0.0,0.0,4701,90
0,4701,83,0.0,0.0,0.0,,0.0,,0.0,0.0,4701,95
