TP,FP,FN,precision,recall,F1,corr_reads_mapped,L1_f_unique_weighted_reads_mapped,corr_ave_abund,L1_average_abund_reads_mapped_div_gene_len,percent_correct_predictions,total_number_of_predictions,filter_threshold
4675,1790,15309,0.7231245166279969,0.23393714971977583,0.35351052969866537,0.3586180307299412,0.5115039492070037,0.26834857309621185,0.5018574028637284,0.7231245166279969,6465,0
792,1790,250,0.3067389620449264,0.7600767754318618,0.4370860927152318,0.5651449039548323,0.3674395935472056,0.39903371496727974,0.35866170879805925,0.3067389620449264,2582,5
82,1790,4,0.0438034188034188,0.9534883720930233,0.08375893769152196,0.7788675012326101,0.2210900629780729,0.5118381412913598,0.2477260886094989,0.0438034188034188,1872,10
20,1790,0,0.011049723756906077,1.0,0.02185792349726776,0.668704508272048,0.20162405038161196,0.7815422836562974,0.22872840695462254,0.011049723756906077,1810,15
6,1790,0,0.0033407572383073497,1.0,0.006659267480577137,0.7656856527198327,0.19728574682136923,0.7414711721230912,0.438826344811842,0.0033407572383073497,1796,20
2,1790,0,0.0011160714285714285,1.0,0.002229654403567447,1.0,0.16814764183156772,-1.0,0.1644739750933889,0.0011160714285714285,1792,25
1,1790,0,0.0005583472920156337,1.0,0.0011160714285714285,,0.0,,0.0,0.0005583472920156337,1791,30
0,1790,0,0.0,0.0,0.0,,0.0,,0.0,0.0,1790,35
0,1790,0,0.0,0.0,0.0,,0.0,,0.0,0.0,1790,40
0,1790,0,0.0,0.0,0.0,,0.0,,0.0,0.0,1790,45
0,1790,0,0.0,0.0,0.0,,0.0,,0.0,0.0,1790,50
0,1790,0,0.0,0.0,0.0,,0.0,,0.0,0.0,1790,55
0,1790,0,0.0,0.0,0.0,,0.0,,0.0,0.0,1790,60
0,1790,0,0.0,0.0,0.0,,0.0,,0.0,0.0,1790,65
0,1790,0,0.0,0.0,0.0,,0.0,,0.0,0.0,1790,70
0,1790,0,0.0,0.0,0.0,,0.0,,0.0,0.0,1790,75
0,1790,0,0.0,0.0,0.0,,0.0,,0.0,0.0,1790,80
0,1790,0,0.0,0.0,0.0,,0.0,,0.0,0.0,1790,85
0,1790,0,0.0,0.0,0.0,,0.0,,0.0,0.0,1790,90
0,1790,0,0.0,0.0,0.0,,0.0,,0.0,0.0,1790,95
