TP,FP,FN,precision,recall,F1,corr_reads_mapped,L1_f_unique_weighted_reads_mapped,corr_ave_abund,L1_average_abund_reads_mapped_div_gene_len,percent_correct_predictions,total_number_of_predictions,filter_threshold
4113,2305,16986,0.6408538485509504,0.19493814872742785,0.29894247192644546,0.25618671865934456,0.539787201985635,0.19470087860042942,0.4938377623520741,0.6408538485509504,6418,0
506,2305,599,0.1800071149057275,0.4579185520361991,0.2584269662921348,0.5299992478112378,0.4337845984126022,0.2625687713003786,0.31008027552846834,0.1800071149057275,2811,5
28,2305,38,0.012001714530647235,0.42424242424242425,0.02334305960817007,0.5998487301808977,0.31280153604473254,0.327669115657836,0.2675274875935964,0.012001714530647235,2333,10
3,2305,8,0.0012998266897746968,0.2727272727272727,0.00258732212160414,0.7272215131400646,0.1848486275250312,-0.5549147803928056,0.1715450611802875,0.0012998266897746968,2308,15
2,2305,1,0.0008669267446900737,0.6666666666666666,0.0017316017316017316,1.0,0.01757306696298694,-1.0,0.1259958264457764,0.0008669267446900737,2307,20
1,2305,1,0.0004336513443191674,0.5,0.0008665511265164644,,0.0,,0.0,0.0004336513443191674,2306,25
1,2305,0,0.0004336513443191674,1.0,0.0008669267446900736,,0.0,,0.0,0.0004336513443191674,2306,30
0,2305,0,0.0,0.0,0.0,,0.0,,0.0,0.0,2305,35
0,2305,0,0.0,0.0,0.0,,0.0,,0.0,0.0,2305,40
0,2305,0,0.0,0.0,0.0,,0.0,,0.0,0.0,2305,45
0,2305,0,0.0,0.0,0.0,,0.0,,0.0,0.0,2305,50
0,2305,0,0.0,0.0,0.0,,0.0,,0.0,0.0,2305,55
0,2305,0,0.0,0.0,0.0,,0.0,,0.0,0.0,2305,60
0,2305,0,0.0,0.0,0.0,,0.0,,0.0,0.0,2305,65
0,2305,0,0.0,0.0,0.0,,0.0,,0.0,0.0,2305,70
0,2305,0,0.0,0.0,0.0,,0.0,,0.0,0.0,2305,75
0,2305,0,0.0,0.0,0.0,,0.0,,0.0,0.0,2305,80
0,2305,0,0.0,0.0,0.0,,0.0,,0.0,0.0,2305,85
0,2305,0,0.0,0.0,0.0,,0.0,,0.0,0.0,2305,90
0,2305,0,0.0,0.0,0.0,,0.0,,0.0,0.0,2305,95
