TP,FP,FN,precision,recall,F1,corr_reads_mapped,L1_f_unique_weighted_reads_mapped,corr_ave_abund,L1_average_abund_reads_mapped_div_gene_len,percent_correct_predictions,total_number_of_predictions,filter_threshold
10700,3676,32967,0.7442960489705064,0.24503629743284402,0.3686921764898437,0.17024097739337105,0.652729910581961,0.17003886707809793,0.49364548171656886,0.7442960489705064,14376,0
2950,3676,3286,0.44521581648053127,0.473059653624118,0.45871559633027525,0.2581593916637744,0.5181098335685319,0.2490962149504298,0.31571253743929406,0.44521581648053127,6626,5
393,3676,224,0.09658392725485378,0.6369529983792545,0.1677336747759283,0.33324348714066343,0.475448409130228,0.24675889009819013,0.2735297639667741,0.09658392725485378,4069,10
51,3676,23,0.013683928092299437,0.6891891891891891,0.026835043409629045,0.5315753544568838,0.4520170731187716,0.514578697225352,0.25281622790948716,0.013683928092299437,3727,15
8,3676,6,0.002171552660152009,0.5714285714285714,0.004326663061114116,0.8585488082250338,0.1888440541182055,0.729355401748975,0.33813831073089656,0.002171552660152009,3684,20
4,3676,4,0.0010869565217391304,0.5,0.0021691973969631233,0.9531330541520684,0.07445940432476539,-0.3578171018125702,0.12115893466287467,0.0010869565217391304,3680,25
2,3676,3,0.000543773790103317,0.4,0.0010860711376595167,0.9999999999999999,0.06724924012158057,-1.0,0.1471770402741947,0.000543773790103317,3678,30
2,3676,1,0.000543773790103317,0.6666666666666666,0.0010866612333604998,0.9999999999999999,0.06724924012158057,-1.0,0.1471770402741947,0.000543773790103317,3678,35
1,3676,1,0.0002719608376393799,0.5,0.0005436259853220984,,0.0,,0.0,0.0002719608376393799,3677,40
1,3676,0,0.0002719608376393799,1.0,0.000543773790103317,,0.0,,0.0,0.0002719608376393799,3677,45
0,3676,0,0.0,0.0,0.0,,0.0,,0.0,0.0,3676,50
0,3676,0,0.0,0.0,0.0,,0.0,,0.0,0.0,3676,55
0,3676,0,0.0,0.0,0.0,,0.0,,0.0,0.0,3676,60
0,3676,0,0.0,0.0,0.0,,0.0,,0.0,0.0,3676,65
0,3676,0,0.0,0.0,0.0,,0.0,,0.0,0.0,3676,70
0,3676,0,0.0,0.0,0.0,,0.0,,0.0,0.0,3676,75
0,3676,0,0.0,0.0,0.0,,0.0,,0.0,0.0,3676,80
0,3676,0,0.0,0.0,0.0,,0.0,,0.0,0.0,3676,85
0,3676,0,0.0,0.0,0.0,,0.0,,0.0,0.0,3676,90
0,3676,0,0.0,0.0,0.0,,0.0,,0.0,0.0,3676,95
