TP,FP,FN,precision,recall,F1,corr_reads_mapped,L1_f_unique_weighted_reads_mapped,corr_ave_abund,L1_average_abund_reads_mapped_div_gene_len,percent_correct_predictions,total_number_of_predictions,filter_threshold
8684,2570,26108,0.771636751377288,0.24959760864566566,0.3771880293619424,0.5344098518990218,0.7204540791257754,0.5419573124318293,0.6793175073818297,0.771636751377288,11254,0
3518,2570,4067,0.5778580814717477,0.46381015161502964,0.5145907993856506,0.5464328936637771,0.5130238419683726,0.6241435575028946,0.5001026858879105,0.5778580814717477,6088,5
1147,2570,654,0.30858218993812214,0.6368684064408662,0.4157303370786517,0.6065009918284114,0.3506130756812862,0.7899606798021745,0.3724929367646443,0.30858218993812214,3717,10
592,2570,141,0.18722327640733713,0.8076398362892224,0.30397946084724004,0.8709852506314439,0.23127609161171492,0.8528894666056568,0.17490249620857878,0.18722327640733713,3162,15
435,2570,27,0.1447587354409318,0.9415584415584416,0.25093740986443613,0.8676241448461425,0.20491545777757236,0.8019752861307404,0.13014644295443636,0.1447587354409318,3005,20
339,2570,5,0.1165348917153661,0.9854651162790697,0.20842299415923762,0.8858830355666069,0.1798756867725964,0.758029061559834,0.10851446456454343,0.1165348917153661,2909,25
259,2570,2,0.09155178508306822,0.9923371647509579,0.16763754045307444,0.8997330617340343,0.16707738869293493,0.7285589683597926,0.10404911879312306,0.09155178508306822,2829,30
193,2570,1,0.06985161056822295,0.9948453608247423,0.13053770713561041,0.8916270988431318,0.16008126318182125,0.6981270983525615,0.10295448614238428,0.06985161056822295,2763,35
147,2570,1,0.05410379094589621,0.9932432432432432,0.10261780104712043,0.8820985287719468,0.15183896349403914,0.6069085281377373,0.09242356563108291,0.05410379094589621,2717,40
99,2570,1,0.03709254402397902,0.99,0.07150595882990249,0.85472854683327,0.1552909482208984,0.5448546999206517,0.09503573072596955,0.03709254402397902,2669,45
72,2570,1,0.02725208175624527,0.9863013698630136,0.05303867403314917,0.8893570013041402,0.13062755426063694,0.7348625902463332,0.0815378247821495,0.02725208175624527,2642,50
53,2570,0,0.020205871139916128,1.0,0.03961136023916293,0.8904961250428077,0.11905695638897887,0.7909535995934617,0.0773053980491624,0.020205871139916128,2623,55
38,2570,0,0.014570552147239263,1.0,0.02872260015117158,0.8692028128257651,0.10871194052553315,0.8085783033725151,0.07242482889881492,0.014570552147239263,2608,60
29,2570,0,0.011158137745286649,1.0,0.02207001522070015,0.913112697707986,0.08781480746095337,0.9271576794883652,0.050867887924500005,0.011158137745286649,2599,65
26,2570,0,0.010015408320493066,1.0,0.019832189168573607,0.9032259444346312,0.08908683564764135,0.9222039437797189,0.052470540809506576,0.010015408320493066,2596,70
21,2570,0,0.008104978772674644,1.0,0.016079632465543645,0.892402349495696,0.09439726663759168,0.7118357766928817,0.04722177721287718,0.008104978772674644,2591,75
15,2570,0,0.005802707930367505,1.0,0.011538461538461539,0.8480191295866844,0.10045333528299463,0.49307700631944645,0.05428089120932158,0.005802707930367505,2585,80
13,2570,0,0.005032907471931862,1.0,0.010015408320493064,0.8310380122276283,0.10624023927987503,0.3753658042970722,0.058882176064182556,0.005032907471931862,2583,85
10,2570,0,0.003875968992248062,1.0,0.007722007722007722,0.7593363156557815,0.10438744940816964,0.11592971387169328,0.06132980286738532,0.003875968992248062,2580,90
9,2570,0,0.0034897246994959287,1.0,0.006955177743431222,0.7063458139028256,0.10409346350066123,0.09427199876858447,0.06657325975560925,0.0034897246994959287,2579,95
