TP,FP,FN,precision,recall,F1,corr_reads_mapped,L1_f_unique_weighted_reads_mapped,corr_ave_abund,L1_average_abund_reads_mapped_div_gene_len,percent_correct_predictions,total_number_of_predictions,filter_threshold
10861,1276,27032,0.8948669358160996,0.28662285910326446,0.4341794923046172,0.5267265521387233,0.5759946433884309,0.4009734959628013,0.5798362581025747,0.8948669358160996,12137,0
3802,1276,2782,0.7487199684915321,0.577460510328068,0.6520322414680157,0.46812377761152263,0.5084276768052303,0.3943231148783927,0.49725665943336284,0.7487199684915321,5078,5
1078,1276,233,0.45794392523364486,0.8222730739893211,0.5882673942701229,0.5933266894147352,0.3458557642620026,0.5091673916429547,0.3444067990014084,0.45794392523364486,2354,10
515,1276,31,0.28754885538805136,0.9432234432234432,0.44073598630723143,0.6725725147541122,0.2529520013868091,0.6090958531822784,0.2226843232389642,0.28754885538805136,1791,15
268,1276,6,0.17357512953367876,0.9781021897810219,0.29482948294829486,0.7981614025370439,0.20396699641699784,0.6608219053373035,0.17371469499368472,0.17357512953367876,1544,20
130,1276,3,0.09246088193456614,0.9774436090225563,0.16894087069525665,0.7625639332114414,0.20948103281408964,0.5673347202386205,0.1599593292047189,0.09246088193456614,1406,25
78,1276,3,0.05760709010339734,0.9629629629629629,0.10871080139372823,0.685634027734798,0.19888380748054713,0.5308345067576122,0.1596656875192103,0.05760709010339734,1354,30
40,1276,2,0.030395136778115502,0.9523809523809523,0.05891016200294551,0.6359614611160797,0.20683442641739097,0.3144817815779265,0.1722236509706871,0.030395136778115502,1316,35
23,1276,1,0.01770592763664357,0.9583333333333334,0.034769463340891905,0.6449543464239347,0.1924917153416156,0.29629106452061205,0.1909069331230708,0.01770592763664357,1299,40
14,1276,0,0.010852713178294573,1.0,0.02147239263803681,0.7482522336622641,0.1653467281739805,0.657083078227234,0.1323948976399212,0.010852713178294573,1290,45
8,1276,0,0.006230529595015576,1.0,0.012383900928792569,0.626925302409014,0.1615499621111165,0.8013682229470964,0.16184005847072702,0.006230529595015576,1284,50
4,1276,0,0.003125,1.0,0.006230529595015576,0.2959251611342811,0.2246004722939,0.8437057789457368,0.2578934045129574,0.003125,1280,55
3,1276,0,0.0023455824863174357,1.0,0.0046801872074883,0.0975650413764061,0.27655210643013306,-0.48179720358632555,0.1684595530990613,0.0023455824863174357,1279,60
2,1276,0,0.001564945226917058,1.0,0.003125,-1.0,0.269853857482702,-1.0,0.17572534789191724,0.001564945226917058,1278,65
1,1276,0,0.0007830853563038371,1.0,0.001564945226917058,,0.0,,0.0,0.0007830853563038371,1277,70
1,1276,0,0.0007830853563038371,1.0,0.001564945226917058,,0.0,,0.0,0.0007830853563038371,1277,75
0,1276,0,0.0,0.0,0.0,,0.0,,0.0,0.0,1276,80
0,1276,0,0.0,0.0,0.0,,0.0,,0.0,0.0,1276,85
0,1276,0,0.0,0.0,0.0,,0.0,,0.0,0.0,1276,90
0,1276,0,0.0,0.0,0.0,,0.0,,0.0,0.0,1276,95
