TP,FP,FN,precision,recall,F1,corr_reads_mapped,L1_f_unique_weighted_reads_mapped,corr_ave_abund,L1_average_abund_reads_mapped_div_gene_len,percent_correct_predictions,total_number_of_predictions,filter_threshold
5083,2196,14162,0.6983102074460777,0.2641205507924136,0.3832755240536872,0.4143715165455561,0.5457033497848939,0.35050755094920155,0.5636795848750411,0.6983102074460777,7279,0
835,2196,158,0.27548663807324314,0.8408862034239678,0.4150099403578529,0.5368454080214385,0.417550683175138,0.510847817260644,0.39825218235722104,0.27548663807324314,3031,5
136,2196,1,0.058319039451114926,0.9927007299270073,0.11016605913325234,0.5853444612735199,0.3343059799952609,0.46933967057897563,0.283651271228486,0.058319039451114926,2332,10
31,2196,0,0.013920071845532105,1.0,0.02745792736935341,0.5441098174051124,0.35603403914023657,0.5914304030369758,0.20207029660173184,0.013920071845532105,2227,15
11,2196,0,0.004984141368373357,1.0,0.009918845807033363,0.1440943741654562,0.2914145428212992,0.1739461348351497,0.14368987522973375,0.004984141368373357,2207,20
1,2196,0,0.0004551661356395084,1.0,0.0009099181073703366,,0.0,,0.0,0.0004551661356395084,2197,25
0,2196,0,0.0,0.0,0.0,,0.0,,0.0,0.0,2196,30
0,2196,0,0.0,0.0,0.0,,0.0,,0.0,0.0,2196,35
0,2196,0,0.0,0.0,0.0,,0.0,,0.0,0.0,2196,40
0,2196,0,0.0,0.0,0.0,,0.0,,0.0,0.0,2196,45
0,2196,0,0.0,0.0,0.0,,0.0,,0.0,0.0,2196,50
0,2196,0,0.0,0.0,0.0,,0.0,,0.0,0.0,2196,55
0,2196,0,0.0,0.0,0.0,,0.0,,0.0,0.0,2196,60
0,2196,0,0.0,0.0,0.0,,0.0,,0.0,0.0,2196,65
0,2196,0,0.0,0.0,0.0,,0.0,,0.0,0.0,2196,70
0,2196,0,0.0,0.0,0.0,,0.0,,0.0,0.0,2196,75
0,2196,0,0.0,0.0,0.0,,0.0,,0.0,0.0,2196,80
0,2196,0,0.0,0.0,0.0,,0.0,,0.0,0.0,2196,85
0,2196,0,0.0,0.0,0.0,,0.0,,0.0,0.0,2196,90
0,2196,0,0.0,0.0,0.0,,0.0,,0.0,0.0,2196,95
