TP,FP,FN,precision,recall,F1,corr_reads_mapped,L1_f_unique_weighted_reads_mapped,corr_ave_abund,L1_average_abund_reads_mapped_div_gene_len,percent_correct_predictions,total_number_of_predictions,filter_threshold
9358,3582,29571,0.7231839258114374,0.2403863443705207,0.36083209624245693,0.20050066113135118,0.7724458473646753,0.12381079187585607,0.5605656907978123,0.7231839258114374,12940,0
1779,3582,5321,0.331841074426413,0.2505633802816901,0.28553085627156727,0.22403603861115778,0.6909081768677325,0.10859083949082263,0.41813411240671894,0.331841074426413,5361,5
189,3582,1063,0.050119331742243436,0.1509584664536741,0.07525383237109298,0.16289365341767584,0.7443574424070233,0.05948488598218712,0.44377934776919153,0.050119331742243436,3771,10
25,3582,225,0.006930967563071805,0.1,0.012963443090484833,0.5410788888342276,0.4709932163973358,0.4383232207226516,0.3817296583017958,0.006930967563071805,3607,15
7,3582,58,0.0019504040122596824,0.1076923076923077,0.003831417624521073,0.2994651200237435,0.4107923084667271,-0.24052387840539677,0.4313800414341844,0.0019504040122596824,3589,20
2,3582,16,0.0005580357142857143,0.1111111111111111,0.001110494169905608,1.0,0.11767730876365973,0.9999999999999999,0.041548095899248016,0.0005580357142857143,3584,25
1,3582,6,0.00027909572983533354,0.14285714285714285,0.0005571030640668524,,0.0,,0.0,0.00027909572983533354,3583,30
1,3582,3,0.00027909572983533354,0.25,0.0005575689991636466,,0.0,,0.0,0.00027909572983533354,3583,35
0,3582,3,0.0,0.0,0.0,,0.0,,0.0,0.0,3582,40
0,3582,3,0.0,0.0,0.0,,0.0,,0.0,0.0,3582,45
0,3582,3,0.0,0.0,0.0,,0.0,,0.0,0.0,3582,50
0,3582,2,0.0,0.0,0.0,,0.0,,0.0,0.0,3582,55
0,3582,2,0.0,0.0,0.0,,0.0,,0.0,0.0,3582,60
0,3582,1,0.0,0.0,0.0,,0.0,,0.0,0.0,3582,65
0,3582,1,0.0,0.0,0.0,,0.0,,0.0,0.0,3582,70
0,3582,1,0.0,0.0,0.0,,0.0,,0.0,0.0,3582,75
0,3582,1,0.0,0.0,0.0,,0.0,,0.0,0.0,3582,80
0,3582,0,0.0,0.0,0.0,,0.0,,0.0,0.0,3582,85
0,3582,0,0.0,0.0,0.0,,0.0,,0.0,0.0,3582,90
0,3582,0,0.0,0.0,0.0,,0.0,,0.0,0.0,3582,95
