TP,FP,FN,precision,recall,F1,corr_reads_mapped,L1_f_unique_weighted_reads_mapped,corr_ave_abund,L1_average_abund_reads_mapped_div_gene_len,percent_correct_predictions,total_number_of_predictions,filter_threshold
4808,1997,15176,0.706539309331374,0.24059247397918335,0.3589533017283213,0.34786612859269817,0.5469004388851924,0.2611204957172614,0.5082352752368885,0.706539309331374,6805,0
784,1997,258,0.28191298094210715,0.7523992322456814,0.41014909756735546,0.2853433530537703,0.4317488581025909,0.28381632643771737,0.3634829398454223,0.28191298094210715,2781,5
82,1997,4,0.039442039442039445,0.9534883720930233,0.07575057736720554,0.6995179040651004,0.2707443010920839,0.48690326002323014,0.2381648642234398,0.039442039442039445,2079,10
20,1997,0,0.00991571641051066,1.0,0.019636720667648506,0.5080724984044196,0.23199637644970916,0.6951813135320355,0.24107432721564143,0.00991571641051066,2017,15
6,1997,0,0.0029955067398901645,1.0,0.005973120955699352,0.8594308150717567,0.2199885712610663,0.15502601488525797,0.5013597291648437,0.0029955067398901645,2003,20
2,1997,0,0.0010005002501250625,1.0,0.001999000499750125,1.0,0.024291497975561294,1.0,0.12017736867605372,0.0010005002501250625,1999,25
1,1997,0,0.0005005005005005005,1.0,0.0010005002501250625,,0.0,,0.0,0.0005005005005005005,1998,30
0,1997,0,0.0,0.0,0.0,,0.0,,0.0,0.0,1997,35
0,1997,0,0.0,0.0,0.0,,0.0,,0.0,0.0,1997,40
0,1997,0,0.0,0.0,0.0,,0.0,,0.0,0.0,1997,45
0,1997,0,0.0,0.0,0.0,,0.0,,0.0,0.0,1997,50
0,1997,0,0.0,0.0,0.0,,0.0,,0.0,0.0,1997,55
0,1997,0,0.0,0.0,0.0,,0.0,,0.0,0.0,1997,60
0,1997,0,0.0,0.0,0.0,,0.0,,0.0,0.0,1997,65
0,1997,0,0.0,0.0,0.0,,0.0,,0.0,0.0,1997,70
0,1997,0,0.0,0.0,0.0,,0.0,,0.0,0.0,1997,75
0,1997,0,0.0,0.0,0.0,,0.0,,0.0,0.0,1997,80
0,1997,0,0.0,0.0,0.0,,0.0,,0.0,0.0,1997,85
0,1997,0,0.0,0.0,0.0,,0.0,,0.0,0.0,1997,90
0,1997,0,0.0,0.0,0.0,,0.0,,0.0,0.0,1997,95
