TP,FP,FN,precision,recall,F1,corr_reads_mapped,L1_f_unique_weighted_reads_mapped,corr_ave_abund,L1_average_abund_reads_mapped_div_gene_len,percent_correct_predictions,total_number_of_predictions,filter_threshold
9687,3823,25892,0.7170244263508512,0.27226734871693975,0.39467090386848375,0.34668070968007575,0.6777197944582969,0.2590948318861614,0.5792344919073892,0.7170244263508512,13510,0
3350,3823,4561,0.4670291370416841,0.4234610036657818,0.4441792627950146,0.39747293496473224,0.5659491396476035,0.28195948610256805,0.34366849995813564,0.4670291370416841,7173,5
931,3823,1003,0.19583508624316365,0.48138572905894517,0.2784090909090909,0.30567880638954126,0.5857275654983543,0.219898848873065,0.3026132363884056,0.19583508624316365,4754,10
280,3823,272,0.06824274920789666,0.5072463768115942,0.12030075187969926,0.2064146156069666,0.6276876016005493,0.21345158521671168,0.3425596856111565,0.06824274920789666,4103,15
89,3823,113,0.022750511247443764,0.4405940594059406,0.04326689353427322,0.08332804477531067,0.7323325536449412,0.25121900420436727,0.48321162003807067,0.022750511247443764,3912,20
26,3823,50,0.006755001299038711,0.34210526315789475,0.013248407643312102,0.27544739852130146,0.5832096619803736,0.3275661538401338,0.27085690044284566,0.006755001299038711,3849,25
10,3823,32,0.0026089225150013043,0.23809523809523808,0.005161290322580644,0.3664971172851746,0.4664489040860923,0.4985136950809849,0.24140852256678724,0.0026089225150013043,3833,30
3,3823,17,0.0007841087297438578,0.15,0.0015600624024961,0.9997958807230808,0.052536721636063044,-0.5584507407883528,0.11945636088276418,0.0007841087297438578,3826,35
2,3823,6,0.0005228758169934641,0.25,0.001043569006000522,1.0,0.03808452112988586,0.9999999999999997,0.01929087488218395,0.0005228758169934641,3825,40
2,3823,2,0.0005228758169934641,0.5,0.0010446591799425438,1.0,0.03808452112988586,0.9999999999999997,0.01929087488218395,0.0005228758169934641,3825,45
2,3823,2,0.0005228758169934641,0.5,0.0010446591799425438,1.0,0.03808452112988586,0.9999999999999997,0.01929087488218395,0.0005228758169934641,3825,50
1,3823,1,0.0002615062761506276,0.5,0.0005227391531625719,,0.0,,0.0,0.0002615062761506276,3824,55
1,3823,1,0.0002615062761506276,0.5,0.0005227391531625719,,0.0,,0.0,0.0002615062761506276,3824,60
1,3823,0,0.0002615062761506276,1.0,0.000522875816993464,,0.0,,0.0,0.0002615062761506276,3824,65
1,3823,0,0.0002615062761506276,1.0,0.000522875816993464,,0.0,,0.0,0.0002615062761506276,3824,70
0,3823,0,0.0,0.0,0.0,,0.0,,0.0,0.0,3823,75
0,3823,0,0.0,0.0,0.0,,0.0,,0.0,0.0,3823,80
0,3823,0,0.0,0.0,0.0,,0.0,,0.0,0.0,3823,85
0,3823,0,0.0,0.0,0.0,,0.0,,0.0,0.0,3823,90
0,3823,0,0.0,0.0,0.0,,0.0,,0.0,0.0,3823,95
