TP,FP,FN,precision,recall,F1,corr_reads_mapped,L1_f_unique_weighted_reads_mapped,corr_ave_abund,L1_average_abund_reads_mapped_div_gene_len,percent_correct_predictions,total_number_of_predictions,filter_threshold
5524,1421,16361,0.7953923686105112,0.25241032670779073,0.3832119320152619,0.3722237017575817,0.6292589132134121,0.2838279081251348,0.5871049903973015,0.7953923686105112,6945,0
700,1421,168,0.33003300330033003,0.8064516129032258,0.468384074941452,0.4298797271654878,0.42760197561492796,0.3383094469928242,0.36435898346036233,0.33003300330033003,2121,5
115,1421,3,0.07486979166666667,0.9745762711864406,0.13905683192261187,0.4675144505247196,0.3267805742949206,0.5042765163871539,0.27435855487027183,0.07486979166666667,1536,10
23,1421,2,0.01592797783933518,0.92,0.031313818924438394,0.6552083053940562,0.2669066403681353,0.7440779835753941,0.1925663897941505,0.01592797783933518,1444,15
4,1421,0,0.002807017543859649,1.0,0.005598320503848845,0.5855086230910012,0.23346409501993295,0.9146659254037713,0.2564347680785923,0.002807017543859649,1425,20
1,1421,0,0.0007032348804500703,1.0,0.0014054813773717498,,0.0,,0.0,0.0007032348804500703,1422,25
0,1421,0,0.0,0.0,0.0,,0.0,,0.0,0.0,1421,30
0,1421,0,0.0,0.0,0.0,,0.0,,0.0,0.0,1421,35
0,1421,0,0.0,0.0,0.0,,0.0,,0.0,0.0,1421,40
0,1421,0,0.0,0.0,0.0,,0.0,,0.0,0.0,1421,45
0,1421,0,0.0,0.0,0.0,,0.0,,0.0,0.0,1421,50
0,1421,0,0.0,0.0,0.0,,0.0,,0.0,0.0,1421,55
0,1421,0,0.0,0.0,0.0,,0.0,,0.0,0.0,1421,60
0,1421,0,0.0,0.0,0.0,,0.0,,0.0,0.0,1421,65
0,1421,0,0.0,0.0,0.0,,0.0,,0.0,0.0,1421,70
0,1421,0,0.0,0.0,0.0,,0.0,,0.0,0.0,1421,75
0,1421,0,0.0,0.0,0.0,,0.0,,0.0,0.0,1421,80
0,1421,0,0.0,0.0,0.0,,0.0,,0.0,0.0,1421,85
0,1421,0,0.0,0.0,0.0,,0.0,,0.0,0.0,1421,90
0,1421,0,0.0,0.0,0.0,,0.0,,0.0,0.0,1421,95
