TP,FP,FN,precision,recall,F1,corr_reads_mapped,L1_f_unique_weighted_reads_mapped,corr_ave_abund,L1_average_abund_reads_mapped_div_gene_len,percent_correct_predictions,total_number_of_predictions,filter_threshold
9240,3409,26339,0.7304925290536801,0.25970375783467775,0.38317989549639214,0.37460192334821013,0.6408699628321874,0.3003667511713825,0.5315865626634266,0.7304925290536801,12649,0
3500,3409,4411,0.5065856129685917,0.4424219441284288,0.47233468286099867,0.49330456305060005,0.5340829632424713,0.3288978037077978,0.33111498476814183,0.5065856129685917,6909,5
962,3409,972,0.22008693662777395,0.49741468459152016,0.3051546391752577,0.41780836893515383,0.5373623533933201,0.23924735789009496,0.28159164491121935,0.22008693662777395,4371,10
284,3409,268,0.07690224749526131,0.5144927536231884,0.1338044758539458,0.31172383805963155,0.5590525603370906,0.13749086011609432,0.3128568913028907,0.07690224749526131,3693,15
98,3409,104,0.027944111776447105,0.48514851485148514,0.052844432461579945,0.19737546510511267,0.5829239308484688,0.06533078790254807,0.39081074613107664,0.027944111776447105,3507,20
29,3409,47,0.008435136707388016,0.3815789473684211,0.016505406943653957,0.25731686225054756,0.49097920660148153,0.4315909022584339,0.24158118705760676,0.008435136707388016,3438,25
12,3409,30,0.0035077462730195848,0.2857142857142857,0.006930407161420734,0.259671573249919,0.4888556312747819,0.41820108579221316,0.20897130438749578,0.0035077462730195848,3421,30
3,3409,17,0.0008792497069167644,0.15,0.0017482517482517483,0.9765062043955867,0.07266760431317404,-0.6892639895594679,0.10126612924445899,0.0008792497069167644,3412,35
2,3409,6,0.0005863383172090296,0.25,0.0011699327288680898,1.0,0.0932988772054893,0.9999999999999999,0.006840905766928196,0.0005863383172090296,3411,40
2,3409,2,0.0005863383172090296,0.5,0.001171303074670571,1.0,0.0932988772054893,0.9999999999999999,0.006840905766928196,0.0005863383172090296,3411,45
2,3409,2,0.0005863383172090296,0.5,0.001171303074670571,1.0,0.0932988772054893,0.9999999999999999,0.006840905766928196,0.0005863383172090296,3411,50
1,3409,1,0.0002932551319648094,0.5,0.000586166471277843,,0.0,,0.0,0.0002932551319648094,3410,55
1,3409,1,0.0002932551319648094,0.5,0.000586166471277843,,0.0,,0.0,0.0002932551319648094,3410,60
1,3409,0,0.0002932551319648094,1.0,0.0005863383172090296,,0.0,,0.0,0.0002932551319648094,3410,65
1,3409,0,0.0002932551319648094,1.0,0.0005863383172090296,,0.0,,0.0,0.0002932551319648094,3410,70
0,3409,0,0.0,0.0,0.0,,0.0,,0.0,0.0,3409,75
0,3409,0,0.0,0.0,0.0,,0.0,,0.0,0.0,3409,80
0,3409,0,0.0,0.0,0.0,,0.0,,0.0,0.0,3409,85
0,3409,0,0.0,0.0,0.0,,0.0,,0.0,0.0,3409,90
0,3409,0,0.0,0.0,0.0,,0.0,,0.0,0.0,3409,95
