TP,FP,FN,precision,recall,F1,corr_reads_mapped,L1_f_unique_weighted_reads_mapped,corr_ave_abund,L1_average_abund_reads_mapped_div_gene_len,percent_correct_predictions,total_number_of_predictions,filter_threshold
10488,1669,23530,0.8627128403388994,0.3083073666882239,0.4542717920952896,0.4595918211582569,0.6274712991067921,0.4674594272121455,0.5175831292401513,0.8627128403388994,12157,0
4115,1669,2883,0.7114453665283541,0.5880251500428694,0.6438741980910655,0.4210164969684127,0.5821110054173599,0.481596553690592,0.4579220677074503,0.7114453665283541,5784,5
1011,1669,411,0.37723880597014925,0.7109704641350211,0.4929302779132131,0.408948179965015,0.4915732765851203,0.5470517202483041,0.4226260751395779,0.37723880597014925,2680,10
436,1669,190,0.20712589073634205,0.6964856230031949,0.3192969608202124,0.576297992763964,0.35435221717631815,0.7011276077671522,0.27057838916869603,0.20712589073634205,2105,15
253,1669,114,0.13163371488033299,0.6893732970027248,0.22105723023154217,0.6493474309858719,0.290165780933155,0.6861317517035793,0.19692507241930968,0.13163371488033299,1922,20
162,1669,82,0.08847624249044238,0.6639344262295082,0.156144578313253,0.6317850065149957,0.28308386501446126,0.6397290611147184,0.17995441678348423,0.08847624249044238,1831,25
102,1669,63,0.05759457933370977,0.6181818181818182,0.10537190082644626,0.593199456852704,0.2833696871644311,0.702226531013946,0.16789869579607475,0.05759457933370977,1771,30
62,1669,48,0.03581744656268053,0.5636363636363636,0.06735469853340575,0.4195547212443652,0.2865878715318351,0.7156493341601851,0.1485290355389345,0.03581744656268053,1731,35
47,1669,37,0.027389277389277388,0.5595238095238095,0.05222222222222221,0.4057967710877696,0.2988974701556272,0.7754969221604663,0.12699034252795022,0.027389277389277388,1716,40
30,1669,21,0.017657445556209534,0.5882352941176471,0.03428571428571429,0.34627419954775857,0.3082897721436012,0.7236927365877162,0.14088638813812915,0.017657445556209534,1699,45
20,1669,13,0.011841326228537596,0.6060606060606061,0.02322880371660859,-0.026407004757977796,0.3187786866105766,0.7039863573715229,0.14702354614835114,0.011841326228537596,1689,50
13,1669,10,0.0077288941736028535,0.5652173913043478,0.015249266862170086,-0.250609501582321,0.3681415189025373,0.7176862753009857,0.15582589179464942,0.0077288941736028535,1682,55
7,1669,8,0.004176610978520286,0.4666666666666667,0.008279124778237728,-0.5511941678833687,0.35822944841888227,0.34035375625005176,0.14510149114559553,0.004176610978520286,1676,60
3,1669,6,0.0017942583732057417,0.3333333333333333,0.003569303985722784,0.9944524275834795,0.3053041018387552,0.9368333252698433,0.14429141426245168,0.0017942583732057417,1672,65
0,1669,3,0.0,0.0,0.0,,0.0,,0.0,0.0,1669,70
0,1669,3,0.0,0.0,0.0,,0.0,,0.0,0.0,1669,75
0,1669,2,0.0,0.0,0.0,,0.0,,0.0,0.0,1669,80
0,1669,2,0.0,0.0,0.0,,0.0,,0.0,0.0,1669,85
0,1669,1,0.0,0.0,0.0,,0.0,,0.0,0.0,1669,90
0,1669,0,0.0,0.0,0.0,,0.0,,0.0,0.0,1669,95
