TP,FP,FN,precision,recall,F1,corr_reads_mapped,L1_f_unique_weighted_reads_mapped,corr_ave_abund,L1_average_abund_reads_mapped_div_gene_len,percent_correct_predictions,total_number_of_predictions,filter_threshold
10800,2863,25954,0.7904559759935592,0.2938455678293519,0.4284269194914414,0.3386000632828772,0.7445013531708424,0.2800255967264149,0.6545480523585249,0.7904559759935592,13663,0
4070,2863,3274,0.5870474542045291,0.5541938997821351,0.5701477901519928,0.3488491551357346,0.620693137613703,0.2457135952645121,0.3364653309905344,0.5870474542045291,6933,5
1656,2863,574,0.36645275503429964,0.7426008968609865,0.49073936879537716,0.34355662411518223,0.611349849971264,0.219071382056548,0.28449431830619876,0.36645275503429964,4519,10
524,2863,103,0.15470918216710955,0.835725677830941,0.2610861983059292,0.29359110325780086,0.5964199238196022,0.173669225466985,0.27600633155919696,0.15470918216710955,3387,15
172,2863,23,0.056672158154859965,0.882051282051282,0.1065015479876161,0.18658006558964832,0.6134528364503224,0.10702069976366188,0.31212417276856785,0.056672158154859965,3035,20
57,2863,6,0.01952054794520548,0.9047619047619048,0.03821656050955413,0.41471055987799516,0.5470631108232147,0.3298246653259241,0.24971106126554374,0.01952054794520548,2920,25
26,2863,1,0.008999653859466944,0.9629629629629629,0.01783264746227709,0.4472710652102696,0.41350797266515027,0.35026775572682783,0.22951956540475277,0.008999653859466944,2889,30
12,2863,1,0.0041739130434782605,0.9230769230769231,0.008310249307479223,0.5927759291795931,0.2704876315531378,0.37420272379629743,0.17060671283600526,0.0041739130434782605,2875,35
4,2863,0,0.0013951866062085804,1.0,0.002786485545106235,0.9758710433933796,0.10076335877852247,0.15080559452296247,0.07454082284070637,0.0013951866062085804,2867,40
4,2863,0,0.0013951866062085804,1.0,0.002786485545106235,0.9758710433933796,0.10076335877852247,0.15080559452296247,0.07454082284070637,0.0013951866062085804,2867,45
3,2863,0,0.00104675505931612,1.0,0.002091321017776229,0.9976807249181432,0.01289509404688191,0.5836466105329277,0.05393319984217626,0.00104675505931612,2866,50
2,2863,0,0.0006980802792321117,1.0,0.0013951866062085806,1.0,0.012345679012429334,0.9999999999999999,0.0588498091705551,0.0006980802792321117,2865,55
2,2863,0,0.0006980802792321117,1.0,0.0013951866062085806,1.0,0.012345679012429334,0.9999999999999999,0.0588498091705551,0.0006980802792321117,2865,60
2,2863,0,0.0006980802792321117,1.0,0.0013951866062085806,1.0,0.012345679012429334,0.9999999999999999,0.0588498091705551,0.0006980802792321117,2865,65
2,2863,0,0.0006980802792321117,1.0,0.0013951866062085806,1.0,0.012345679012429334,0.9999999999999999,0.0588498091705551,0.0006980802792321117,2865,70
1,2863,0,0.00034916201117318437,1.0,0.0006980802792321118,,0.0,,0.0,0.00034916201117318437,2864,75
1,2863,0,0.00034916201117318437,1.0,0.0006980802792321118,,0.0,,0.0,0.00034916201117318437,2864,80
1,2863,0,0.00034916201117318437,1.0,0.0006980802792321118,,0.0,,0.0,0.00034916201117318437,2864,85
0,2863,0,0.0,0.0,0.0,,0.0,,0.0,0.0,2863,90
0,2863,0,0.0,0.0,0.0,,0.0,,0.0,0.0,2863,95
