TP,FP,FN,precision,recall,F1,corr_reads_mapped,L1_f_unique_weighted_reads_mapped,corr_ave_abund,L1_average_abund_reads_mapped_div_gene_len,percent_correct_predictions,total_number_of_predictions,filter_threshold
11073,2031,20997,0.8450091575091575,0.3452759588400374,0.49023774737680964,0.428996798956026,0.5660254059360671,0.2888747970652942,0.44338076214648436,0.8450091575091575,13104,0
5501,2031,1818,0.7303505045140732,0.7516054105752152,0.7408255336340986,0.479319802681679,0.5254455621360072,0.3174434749814268,0.30412739176672643,0.7303505045140732,7532,5
1357,2031,436,0.40053128689492323,0.7568321249302844,0.5238370970855047,0.35686681490566907,0.511540205465123,0.2561740080900416,0.2784907334685542,0.40053128689492323,3388,10
292,2031,270,0.12569952647438656,0.5195729537366548,0.2024263431542461,0.2789624883945797,0.5164098786964545,0.20626703976832,0.28878928618319477,0.12569952647438656,2323,15
58,2031,232,0.027764480612733365,0.2,0.04875998318621269,0.2489791808595038,0.5857885407978562,0.41879788929170314,0.2974258001616797,0.027764480612733365,2089,20
16,2031,213,0.007816316560820713,0.06986899563318777,0.014059753954305799,0.6184378540083888,0.29962761840719637,0.5735876107741283,0.1916449568885089,0.007816316560820713,2047,25
7,2031,193,0.0034347399411187437,0.035,0.0062555853440571935,0.9476349301439587,0.05524415640022584,0.3635573341486304,0.1274609865102263,0.0034347399411187437,2038,30
5,2031,179,0.002455795677799607,0.02717391304347826,0.0045045045045045045,0.9692590435846035,0.03352304709487772,0.14627738051759612,0.1328524835365806,0.002455795677799607,2036,35
5,2031,166,0.002455795677799607,0.029239766081871343,0.004531037607612144,0.9692590435846035,0.03352304709487772,0.14627738051759612,0.1328524835365806,0.002455795677799607,2036,40
3,2031,147,0.0014749262536873156,0.02,0.0027472527472527475,0.9438302847503551,0.03661814109742445,-0.9895170075083611,0.09589833311147655,0.0014749262536873156,2034,45
2,2031,127,0.000983767830791933,0.015503875968992248,0.0018501387604070306,1.0,0.04433553681331209,-0.9999999999999998,0.14314561680096122,0.000983767830791933,2033,50
1,2031,120,0.0004921259842519685,0.008264462809917356,0.0009289363678588018,,0.0,,0.0,0.0004921259842519685,2032,55
0,2031,110,0.0,0.0,0.0,,0.0,,0.0,0.0,2031,60
0,2031,97,0.0,0.0,0.0,,0.0,,0.0,0.0,2031,65
0,2031,91,0.0,0.0,0.0,,0.0,,0.0,0.0,2031,70
0,2031,79,0.0,0.0,0.0,,0.0,,0.0,0.0,2031,75
0,2031,71,0.0,0.0,0.0,,0.0,,0.0,0.0,2031,80
0,2031,62,0.0,0.0,0.0,,0.0,,0.0,0.0,2031,85
0,2031,58,0.0,0.0,0.0,,0.0,,0.0,0.0,2031,90
0,2031,50,0.0,0.0,0.0,,0.0,,0.0,0.0,2031,95
