TP,FP,FN,precision,recall,F1,corr_reads_mapped,L1_f_unique_weighted_reads_mapped,corr_ave_abund,L1_average_abund_reads_mapped_div_gene_len,percent_correct_predictions,total_number_of_predictions,filter_threshold
4955,932,13813,0.8416850687956514,0.26401321398124467,0.40194686676130603,0.4578836558896157,0.43773824373605,0.21603515002287313,0.44684949734638263,0.8416850687956514,5887,0
707,932,376,0.43136058572300184,0.6528162511542013,0.5194709772226304,0.5287615124567812,0.36573617293644867,0.28285039850592,0.32394927308426746,0.43136058572300184,1639,5
22,932,194,0.023060796645702306,0.10185185185185185,0.037606837606837605,0.18412892977149695,0.4464985390251999,0.441344520281442,0.31656517217609365,0.023060796645702306,954,10
5,932,146,0.005336179295624333,0.033112582781456956,0.009191176470588236,0.9118700618710294,0.06104770266315482,-0.9503464797952973,0.1819945592376468,0.005336179295624333,937,15
3,932,111,0.0032085561497326204,0.02631578947368421,0.005719733079122974,0.9986254289035238,0.06200317965023838,-0.8674380175434169,0.08928081418324751,0.0032085561497326204,935,20
1,932,86,0.0010718113612004287,0.011494252873563218,0.00196078431372549,,0.0,,0.0,0.0010718113612004287,933,25
0,932,60,0.0,0.0,0.0,,0.0,,0.0,0.0,932,30
0,932,45,0.0,0.0,0.0,,0.0,,0.0,0.0,932,35
0,932,33,0.0,0.0,0.0,,0.0,,0.0,0.0,932,40
0,932,19,0.0,0.0,0.0,,0.0,,0.0,0.0,932,45
0,932,14,0.0,0.0,0.0,,0.0,,0.0,0.0,932,50
0,932,12,0.0,0.0,0.0,,0.0,,0.0,0.0,932,55
0,932,9,0.0,0.0,0.0,,0.0,,0.0,0.0,932,60
0,932,4,0.0,0.0,0.0,,0.0,,0.0,0.0,932,65
0,932,3,0.0,0.0,0.0,,0.0,,0.0,0.0,932,70
0,932,3,0.0,0.0,0.0,,0.0,,0.0,0.0,932,75
0,932,2,0.0,0.0,0.0,,0.0,,0.0,0.0,932,80
0,932,1,0.0,0.0,0.0,,0.0,,0.0,0.0,932,85
0,932,1,0.0,0.0,0.0,,0.0,,0.0,0.0,932,90
0,932,0,0.0,0.0,0.0,,0.0,,0.0,0.0,932,95
