TP,FP,FN,precision,recall,F1,corr_reads_mapped,L1_f_unique_weighted_reads_mapped,corr_ave_abund,L1_average_abund_reads_mapped_div_gene_len,percent_correct_predictions,total_number_of_predictions,filter_threshold
9293,3343,25694,0.7354384298828743,0.2656129419498671,0.39027360729059496,0.3384859666406263,0.6635570763596021,0.3426792554331789,0.5689781210469198,0.7354384298828743,12636,0
3304,3343,4052,0.4970663457198736,0.44915715062533984,0.4718988788116832,0.44480055241192157,0.4836795892273315,0.41994487067053415,0.41796241401791423,0.4970663457198736,6647,5
922,3343,680,0.21617819460726848,0.5755305867665418,0.3143003238452361,0.3978042302374569,0.39345564178604486,0.4001339792303349,0.3231225313168061,0.21617819460726848,4265,10
364,3343,127,0.09819260857836526,0.7413441955193483,0.17341591233920914,0.600424695267043,0.3143848087887147,0.528957289300294,0.22328739514365642,0.09819260857836526,3707,15
169,3343,29,0.048120728929384966,0.8535353535353535,0.09110512129380054,0.4970734681004801,0.3137177557973023,0.4097980509183207,0.22035212209471,0.048120728929384966,3512,20
86,3343,12,0.025080198308544764,0.8775510204081632,0.048766657215764106,0.3344659251635575,0.3414890075367309,0.3415254680040165,0.23366355576927425,0.025080198308544764,3429,25
45,3343,6,0.013282172373081463,0.8823529411764706,0.026170398371619656,0.3953322098242171,0.3424177783408298,0.5862100175253212,0.16674519049490294,0.013282172373081463,3388,30
21,3343,3,0.00624256837098692,0.875,0.012396694214876033,0.24571513891079497,0.3575730608873505,0.5323273363877711,0.18075190552043205,0.00624256837098692,3364,35
10,3343,3,0.0029824038174768863,0.7692307692307693,0.005941770647653,0.5792960405655926,0.30682767524872784,0.800789682911878,0.19455619790350703,0.0029824038174768863,3353,40
5,3343,1,0.0014934289127837516,0.8333333333333334,0.0029815146094215868,0.8869078666968767,0.35359103136224407,0.7395894735889214,0.22053384032540158,0.0014934289127837516,3348,45
4,3343,0,0.0011951000896325067,1.0,0.002387347060578932,0.9285723857451287,0.3667523840137148,0.8602729138116278,0.1978583114231052,0.0011951000896325067,3347,50
4,3343,0,0.0011951000896325067,1.0,0.002387347060578932,0.9285723857451287,0.3667523840137148,0.8602729138116278,0.1978583114231052,0.0011951000896325067,3347,55
1,3343,0,0.0002990430622009569,1.0,0.0005979073243647234,,0.0,,0.0,0.0002990430622009569,3344,60
1,3343,0,0.0002990430622009569,1.0,0.0005979073243647234,,0.0,,0.0,0.0002990430622009569,3344,65
1,3343,0,0.0002990430622009569,1.0,0.0005979073243647234,,0.0,,0.0,0.0002990430622009569,3344,70
0,3343,0,0.0,0.0,0.0,,0.0,,0.0,0.0,3343,75
0,3343,0,0.0,0.0,0.0,,0.0,,0.0,0.0,3343,80
0,3343,0,0.0,0.0,0.0,,0.0,,0.0,0.0,3343,85
0,3343,0,0.0,0.0,0.0,,0.0,,0.0,0.0,3343,90
0,3343,0,0.0,0.0,0.0,,0.0,,0.0,0.0,3343,95
