TP,FP,FN,precision,recall,F1,corr_reads_mapped,L1_f_unique_weighted_reads_mapped,corr_ave_abund,L1_average_abund_reads_mapped_div_gene_len,percent_correct_predictions,total_number_of_predictions,filter_threshold
5083,3323,26987,0.6046871282417321,0.1584970377299657,0.25116118193497383,0.33462965813923173,0.9720823700883782,-0.028729591550859516,0.7247861474781983,0.6046871282417321,8406,0
2076,3323,5243,0.3845156510464901,0.2836453067358929,0.32646642553860666,0.4610322285485185,0.9050700734323788,-0.12663282765915643,0.537177026824718,0.3845156510464901,5399,5
639,3323,1154,0.1612821807168097,0.35638594534300055,0.22206776715899218,0.557276999144751,0.9044893406251853,-0.19749536337538293,0.5152130052970092,0.1612821807168097,3962,10
147,3323,415,0.042363112391930836,0.2615658362989324,0.07291666666666666,0.5789762983987577,0.8739129791760245,-0.2633454292009465,0.506907680656724,0.042363112391930836,3470,15
35,3323,255,0.01042287075640262,0.1206896551724138,0.01918859649122807,0.8469990586449231,0.7306852523035673,-0.2553769120108771,0.4841307044946298,0.01042287075640262,3358,20
14,3323,215,0.004195385076415942,0.0611353711790393,0.007851934941110488,0.82329168197365,0.5119109144207235,-0.6325040821850668,0.36382854371654394,0.004195385076415942,3337,25
7,3323,193,0.002102102102102102,0.035,0.00396600566572238,0.7457789856853237,0.36688287522559765,-0.4082167622534726,0.27353611654872734,0.002102102102102102,3330,30
5,3323,179,0.0015024038461538462,0.02717391304347826,0.002847380410022779,0.29014479568430557,0.2723603961073513,-0.20949984536926097,0.26275866613032417,0.0015024038461538462,3328,35
5,3323,166,0.0015024038461538462,0.029239766081871343,0.0028579594169762792,0.29014479568430557,0.2723603961073513,-0.20949984536926097,0.26275866613032417,0.0015024038461538462,3328,40
3,3323,147,0.0009019843656043296,0.02,0.0017261219792865364,-0.2558475014003779,0.1835193709959705,-0.5661505933957948,0.20800397241619506,0.0009019843656043296,3326,45
2,3323,127,0.0006015037593984962,0.015503875968992248,0.0011580775911986104,1.0,0.062454231663385096,-1.0,0.2371749828415886,0.0006015037593984962,3325,50
1,3323,120,0.00030084235860409147,0.008264462809917356,0.0005805515239477504,,0.0,,0.0,0.00030084235860409147,3324,55
0,3323,110,0.0,0.0,0.0,,0.0,,0.0,0.0,3323,60
0,3323,97,0.0,0.0,0.0,,0.0,,0.0,0.0,3323,65
0,3323,91,0.0,0.0,0.0,,0.0,,0.0,0.0,3323,70
0,3323,79,0.0,0.0,0.0,,0.0,,0.0,0.0,3323,75
0,3323,71,0.0,0.0,0.0,,0.0,,0.0,0.0,3323,80
0,3323,62,0.0,0.0,0.0,,0.0,,0.0,0.0,3323,85
0,3323,58,0.0,0.0,0.0,,0.0,,0.0,0.0,3323,90
0,3323,50,0.0,0.0,0.0,,0.0,,0.0,0.0,3323,95
