TP,FP,FN,precision,recall,F1,corr_reads_mapped,L1_f_unique_weighted_reads_mapped,corr_ave_abund,L1_average_abund_reads_mapped_div_gene_len,percent_correct_predictions,total_number_of_predictions,filter_threshold
4293,1944,16161,0.6883116883116883,0.209885596949252,0.3216814656625829,0.466389561628357,0.6123814038431272,0.4219351039478281,0.6690511183681191,0.6883116883116883,6237,0
791,1944,385,0.28921389396709324,0.6726190476190477,0.4045001278445411,0.5151744102473064,0.3345203233674306,0.5161312895069281,0.4118329155413918,0.28921389396709324,2735,5
273,1944,12,0.12313937753721245,0.9578947368421052,0.21822541966426862,0.8584763069963115,0.1846889557085828,0.6081394718816918,0.19201652657919274,0.12313937753721245,2217,10
125,1944,0,0.06041565973900435,1.0,0.11394712853236097,0.8324387015735084,0.15671406933784657,0.6206726059577626,0.16552278666718157,0.06041565973900435,2069,15
48,1944,0,0.024096385542168676,1.0,0.047058823529411764,0.7674427624380333,0.1322013078777602,0.7738027680719822,0.16063755395429474,0.024096385542168676,1992,20
21,1944,0,0.010687022900763359,1.0,0.021148036253776436,0.7665246169130318,0.13567996485533243,0.8930111814344622,0.10191978641550152,0.010687022900763359,1965,25
12,1944,0,0.006134969325153374,1.0,0.012195121951219513,0.7543368477890258,0.14019607843123896,0.7453538849515258,0.0931154841748833,0.006134969325153374,1956,30
3,1944,0,0.0015408320493066256,1.0,0.003076923076923077,0.8914073329731962,0.12404844572680596,0.9398737334569276,0.05187954102778053,0.0015408320493066256,1947,35
2,1944,0,0.0010277492291880781,1.0,0.002053388090349076,0.9999999999999999,0.13947219958629492,1.0,0.05989875211794943,0.0010277492291880781,1946,40
1,1944,0,0.0005141388174807198,1.0,0.001027749229188078,,0.0,,0.0,0.0005141388174807198,1945,45
0,1944,0,0.0,0.0,0.0,,0.0,,0.0,0.0,1944,50
0,1944,0,0.0,0.0,0.0,,0.0,,0.0,0.0,1944,55
0,1944,0,0.0,0.0,0.0,,0.0,,0.0,0.0,1944,60
0,1944,0,0.0,0.0,0.0,,0.0,,0.0,0.0,1944,65
0,1944,0,0.0,0.0,0.0,,0.0,,0.0,0.0,1944,70
0,1944,0,0.0,0.0,0.0,,0.0,,0.0,0.0,1944,75
0,1944,0,0.0,0.0,0.0,,0.0,,0.0,0.0,1944,80
0,1944,0,0.0,0.0,0.0,,0.0,,0.0,0.0,1944,85
0,1944,0,0.0,0.0,0.0,,0.0,,0.0,0.0,1944,90
0,1944,0,0.0,0.0,0.0,,0.0,,0.0,0.0,1944,95
