TP,FP,FN,precision,recall,F1,corr_reads_mapped,L1_f_unique_weighted_reads_mapped,corr_ave_abund,L1_average_abund_reads_mapped_div_gene_len,percent_correct_predictions,total_number_of_predictions,filter_threshold
4750,2674,16349,0.6398168103448276,0.22512915304042846,0.33306454440276273,0.3495424617063711,0.5738348565363045,0.21510735496495464,0.5164108079481453,0.6398168103448276,7424,0
497,2674,608,0.15673289183222958,0.4497737556561086,0.23246024321796074,0.2278317293113746,0.5125011039238917,0.14501105843575474,0.3213331250337861,0.15673289183222958,3171,5
30,2674,36,0.011094674556213017,0.45454545454545453,0.021660649819494587,0.5804332784648943,0.419125855779075,0.3809782266368215,0.2520653291880852,0.011094674556213017,2704,10
3,2674,8,0.0011206574523720584,0.2727272727272727,0.0022321428571428575,0.7844075113972327,0.16900460105504947,0.08032420536398595,0.11522631917531595,0.0011206574523720584,2677,15
2,2674,1,0.0007473841554559044,0.6666666666666666,0.0014930944382232176,1.0,0.0065359477121099685,-1.0,0.09588531976018866,0.0007473841554559044,2676,20
1,2674,1,0.00037383177570093456,0.5,0.0007471049682480388,,0.0,,0.0,0.00037383177570093456,2675,25
1,2674,0,0.00037383177570093456,1.0,0.0007473841554559043,,0.0,,0.0,0.00037383177570093456,2675,30
0,2674,0,0.0,0.0,0.0,,0.0,,0.0,0.0,2674,35
0,2674,0,0.0,0.0,0.0,,0.0,,0.0,0.0,2674,40
0,2674,0,0.0,0.0,0.0,,0.0,,0.0,0.0,2674,45
0,2674,0,0.0,0.0,0.0,,0.0,,0.0,0.0,2674,50
0,2674,0,0.0,0.0,0.0,,0.0,,0.0,0.0,2674,55
0,2674,0,0.0,0.0,0.0,,0.0,,0.0,0.0,2674,60
0,2674,0,0.0,0.0,0.0,,0.0,,0.0,0.0,2674,65
0,2674,0,0.0,0.0,0.0,,0.0,,0.0,0.0,2674,70
0,2674,0,0.0,0.0,0.0,,0.0,,0.0,0.0,2674,75
0,2674,0,0.0,0.0,0.0,,0.0,,0.0,0.0,2674,80
0,2674,0,0.0,0.0,0.0,,0.0,,0.0,0.0,2674,85
0,2674,0,0.0,0.0,0.0,,0.0,,0.0,0.0,2674,90
0,2674,0,0.0,0.0,0.0,,0.0,,0.0,0.0,2674,95
