TP,FP,FN,precision,recall,F1,corr_reads_mapped,L1_f_unique_weighted_reads_mapped,corr_ave_abund,L1_average_abund_reads_mapped_div_gene_len,percent_correct_predictions,total_number_of_predictions,filter_threshold
9651,3495,25336,0.7341396622546782,0.27584531397376166,0.4010138574366858,0.3657447383085685,0.6066755417241532,0.3457754718804517,0.5674405526623234,0.7341396622546782,13146,0
3380,3495,3976,0.49163636363636365,0.4594888526373029,0.475019324010962,0.5582684787695421,0.42657002613715633,0.45117851648632223,0.4241101423078053,0.49163636363636365,6875,5
927,3495,675,0.20963364993215738,0.5786516853932584,0.3077689243027888,0.5592476017717317,0.3441760687716121,0.5215366878176598,0.31548474282420924,0.20963364993215738,4422,10
365,3495,126,0.09455958549222798,0.7433808553971487,0.16777752240864172,0.6319148361987978,0.2609083652560428,0.573754514025261,0.22494712239135534,0.09455958549222798,3860,15
169,3495,29,0.04612445414847162,0.8535353535353535,0.08751941998964267,0.5859841108773672,0.24523219182582415,0.5989177696592245,0.1947343828866133,0.04612445414847162,3664,20
86,3495,12,0.024015638089919016,0.8775510204081632,0.046751834737700455,0.5154427422334412,0.22150804362893517,0.5949750223310782,0.18691548183546147,0.024015638089919016,3581,25
45,3495,6,0.012711864406779662,0.8823529411764706,0.025062656641604012,0.42708587208970583,0.22897328132277445,0.6120539948138042,0.15875638612998474,0.012711864406779662,3540,30
21,3495,3,0.005972696245733789,0.875,0.011864406779661017,0.33278896538626535,0.24978092167076707,0.8230757432076026,0.13660708987772027,0.005972696245733789,3516,35
10,3495,3,0.0028530670470756064,0.7692307692307693,0.005685048322910746,0.3958949785447935,0.3044214290469533,0.955994450318071,0.14590867761751203,0.0028530670470756064,3505,40
5,3495,1,0.0014285714285714286,0.8333333333333334,0.002852253280091272,0.5750817088434435,0.4190564588400973,0.981820154884564,0.11213897058098951,0.0014285714285714286,3500,45
4,3495,0,0.0011431837667905116,1.0,0.0022837567799029405,0.9429096259297296,0.42622950819672134,0.9845899305594361,0.14180716558776044,0.0011431837667905116,3499,50
4,3495,0,0.0011431837667905116,1.0,0.0022837567799029405,0.9429096259297296,0.42622950819672134,0.9845899305594361,0.14180716558776044,0.0011431837667905116,3499,55
1,3495,0,0.0002860411899313501,1.0,0.0005719187875321705,,0.0,,0.0,0.0002860411899313501,3496,60
1,3495,0,0.0002860411899313501,1.0,0.0005719187875321705,,0.0,,0.0,0.0002860411899313501,3496,65
1,3495,0,0.0002860411899313501,1.0,0.0005719187875321705,,0.0,,0.0,0.0002860411899313501,3496,70
0,3495,0,0.0,0.0,0.0,,0.0,,0.0,0.0,3495,75
0,3495,0,0.0,0.0,0.0,,0.0,,0.0,0.0,3495,80
0,3495,0,0.0,0.0,0.0,,0.0,,0.0,0.0,3495,85
0,3495,0,0.0,0.0,0.0,,0.0,,0.0,0.0,3495,90
0,3495,0,0.0,0.0,0.0,,0.0,,0.0,0.0,3495,95
