TP,FP,FN,precision,recall,F1,corr_reads_mapped,L1_f_unique_weighted_reads_mapped,corr_ave_abund,L1_average_abund_reads_mapped_div_gene_len,percent_correct_predictions,total_number_of_predictions,filter_threshold
5588,1106,15526,0.834777412608306,0.2646585204129961,0.4018987341772151,0.32345320025558466,0.5671512346912498,0.27056815118913574,0.45555733815274296,0.834777412608306,6694,0
782,1106,306,0.4141949152542373,0.71875,0.5255376344086022,0.3590169904629378,0.5038926891432951,0.29626659747167217,0.3237630989763432,0.4141949152542373,1888,5
32,1106,12,0.028119507908611598,0.7272727272727273,0.054145516074450076,0.34255826208802587,0.46592935646636835,0.40434088401410834,0.34040338453478675,0.028119507908611598,1138,10
5,1106,0,0.004500450045004501,1.0,0.008960573476702509,0.24433489074714218,0.16575922565033271,0.862539143886293,0.2622104429517886,0.004500450045004501,1111,15
1,1106,0,0.0009033423667570009,1.0,0.0018050541516245486,,0.0,,0.0,0.0009033423667570009,1107,20
0,1106,0,0.0,0.0,0.0,,0.0,,0.0,0.0,1106,25
0,1106,0,0.0,0.0,0.0,,0.0,,0.0,0.0,1106,30
0,1106,0,0.0,0.0,0.0,,0.0,,0.0,0.0,1106,35
0,1106,0,0.0,0.0,0.0,,0.0,,0.0,0.0,1106,40
0,1106,0,0.0,0.0,0.0,,0.0,,0.0,0.0,1106,45
0,1106,0,0.0,0.0,0.0,,0.0,,0.0,0.0,1106,50
0,1106,0,0.0,0.0,0.0,,0.0,,0.0,0.0,1106,55
0,1106,0,0.0,0.0,0.0,,0.0,,0.0,0.0,1106,60
0,1106,0,0.0,0.0,0.0,,0.0,,0.0,0.0,1106,65
0,1106,0,0.0,0.0,0.0,,0.0,,0.0,0.0,1106,70
0,1106,0,0.0,0.0,0.0,,0.0,,0.0,0.0,1106,75
0,1106,0,0.0,0.0,0.0,,0.0,,0.0,0.0,1106,80
0,1106,0,0.0,0.0,0.0,,0.0,,0.0,0.0,1106,85
0,1106,0,0.0,0.0,0.0,,0.0,,0.0,0.0,1106,90
0,1106,0,0.0,0.0,0.0,,0.0,,0.0,0.0,1106,95
