TP,FP,FN,precision,recall,F1,corr_reads_mapped,L1_f_unique_weighted_reads_mapped,corr_ave_abund,L1_average_abund_reads_mapped_div_gene_len,percent_correct_predictions,total_number_of_predictions,filter_threshold
3817,1100,12478,0.7762863534675615,0.23424363301626266,0.3598906279464454,0.29800252396332555,0.6464710752014686,0.14288828324769828,0.5683475532729432,0.7762863534675615,4917,0
439,1100,635,0.2852501624431449,0.40875232774674114,0.3360122464600076,0.12333668332525739,0.5925234202714587,-0.09353298998374408,0.445447224440366,0.2852501624431449,1539,5
44,1100,242,0.038461538461538464,0.15384615384615385,0.06153846153846154,0.21717062271722093,0.3148964446014433,0.11438056895049648,0.3069652811891891,0.038461538461538464,1144,10
11,1100,206,0.009900990099009901,0.05069124423963134,0.01656626506024096,0.6616426964673449,0.19189189189189182,-0.2205388544907263,0.25364195411472107,0.009900990099009901,1111,15
0,1100,164,0.0,0.0,0.0,,0.0,,0.0,0.0,1100,20
0,1100,139,0.0,0.0,0.0,,0.0,,0.0,0.0,1100,25
0,1100,109,0.0,0.0,0.0,,0.0,,0.0,0.0,1100,30
0,1100,88,0.0,0.0,0.0,,0.0,,0.0,0.0,1100,35
0,1100,78,0.0,0.0,0.0,,0.0,,0.0,0.0,1100,40
0,1100,59,0.0,0.0,0.0,,0.0,,0.0,0.0,1100,45
0,1100,51,0.0,0.0,0.0,,0.0,,0.0,0.0,1100,50
0,1100,39,0.0,0.0,0.0,,0.0,,0.0,0.0,1100,55
0,1100,30,0.0,0.0,0.0,,0.0,,0.0,0.0,1100,60
0,1100,22,0.0,0.0,0.0,,0.0,,0.0,0.0,1100,65
0,1100,17,0.0,0.0,0.0,,0.0,,0.0,0.0,1100,70
0,1100,11,0.0,0.0,0.0,,0.0,,0.0,0.0,1100,75
0,1100,8,0.0,0.0,0.0,,0.0,,0.0,0.0,1100,80
0,1100,8,0.0,0.0,0.0,,0.0,,0.0,0.0,1100,85
0,1100,7,0.0,0.0,0.0,,0.0,,0.0,0.0,1100,90
0,1100,4,0.0,0.0,0.0,,0.0,,0.0,0.0,1100,95
