TP,FP,FN,precision,recall,F1,corr_reads_mapped,L1_f_unique_weighted_reads_mapped,corr_ave_abund,L1_average_abund_reads_mapped_div_gene_len,percent_correct_predictions,total_number_of_predictions,filter_threshold
9973,3227,25439,0.755530303030303,0.2816276968259347,0.41031021147041885,0.3914710412616814,0.5952239636883668,0.33874785685725534,0.5245532818831468,0.755530303030303,13200,0
4277,3227,3007,0.5699626865671642,0.5871773750686436,0.5784419799837707,0.39231396029442606,0.4654586686114716,0.3861367566863563,0.38621210562165587,0.5699626865671642,7504,5
1089,3227,309,0.2523169601482855,0.778969957081545,0.38116905845292265,0.2931127063522334,0.41813565461205987,0.3445282757860879,0.34534015352818137,0.2523169601482855,4316,10
398,3227,48,0.10979310344827586,0.8923766816143498,0.19552935396708424,0.3274104804688892,0.33404909094594415,0.37648617681417545,0.2627011149231747,0.10979310344827586,3625,15
185,3227,7,0.05422039859320047,0.9635416666666666,0.10266370699223085,0.4341963396440215,0.28254989872546665,0.4523113746841459,0.21736231316912563,0.05422039859320047,3412,20
88,3227,3,0.02654600301659125,0.967032967032967,0.051673517322372284,0.34855853351486443,0.29881939440457295,0.3438432414415484,0.22464375446904478,0.02654600301659125,3315,25
48,3227,2,0.01465648854961832,0.96,0.028872180451127816,0.13681763204589448,0.31632737938880207,0.25281780365523004,0.25823044274268786,0.01465648854961832,3275,30
32,3227,1,0.00981896287204664,0.9696969696969697,0.019441069258809233,0.35845674231693553,0.24025456872641016,0.7466793064058626,0.18480539649826538,0.00981896287204664,3259,35
22,3227,1,0.006771314250538628,0.9565217391304348,0.013447432762836185,0.3140558771312354,0.26151610246747886,0.6607932060396852,0.16081284684049751,0.006771314250538628,3249,40
8,3227,0,0.002472952086553323,1.0,0.004933703361085414,0.2007626567657412,0.33184456505342186,0.4732468082727324,0.21567745982421616,0.002472952086553323,3235,45
4,3227,0,0.0012380068090374497,1.0,0.002472952086553323,-0.07507583090268093,0.44519988566280655,-0.579710252987154,0.25794883386511025,0.0012380068090374497,3231,50
2,3227,0,0.0006193868070610096,1.0,0.0012380068090374497,-1.0,0.6360452586205121,-1.0,0.2876992477101131,0.0006193868070610096,3229,55
1,3227,0,0.0003097893432465923,1.0,0.0006193868070610096,,0.0,,0.0,0.0003097893432465923,3228,60
0,3227,0,0.0,0.0,0.0,,0.0,,0.0,0.0,3227,65
0,3227,0,0.0,0.0,0.0,,0.0,,0.0,0.0,3227,70
0,3227,0,0.0,0.0,0.0,,0.0,,0.0,0.0,3227,75
0,3227,0,0.0,0.0,0.0,,0.0,,0.0,0.0,3227,80
0,3227,0,0.0,0.0,0.0,,0.0,,0.0,0.0,3227,85
0,3227,0,0.0,0.0,0.0,,0.0,,0.0,0.0,3227,90
0,3227,0,0.0,0.0,0.0,,0.0,,0.0,0.0,3227,95
