TP,FP,FN,precision,recall,F1,corr_reads_mapped,L1_f_unique_weighted_reads_mapped,corr_ave_abund,L1_average_abund_reads_mapped_div_gene_len,percent_correct_predictions,total_number_of_predictions,filter_threshold
4492,3965,34437,0.5311576209057586,0.11538955534434484,0.18959186257544425,0.3153756840416718,0.9683506471425622,-0.10283324909316434,0.7038624318736695,0.5311576209057586,8457,0
921,3965,6179,0.18849774866966845,0.12971830985915492,0.1536792925079259,0.44383469963974,0.9452308644199718,-0.2474786258677355,0.5896561011804732,0.18849774866966845,4886,5
128,3965,1124,0.03127290495968727,0.10223642172523961,0.04789522918615529,0.5185297689218529,0.9100270037591025,-0.523620869419004,0.595812893904625,0.03127290495968727,4093,10
22,3965,228,0.005517933283170303,0.088,0.01038470616001888,0.41874836557218353,0.7210329332809224,-0.7146157612457995,0.654697255983455,0.005517933283170303,3987,15
7,3965,58,0.0017623363544813696,0.1076923076923077,0.0034679217240525142,0.3215037206385585,0.6301396439216435,-0.7375557894890276,0.5662581239650002,0.0017623363544813696,3972,20
2,3965,16,0.0005041593143433325,0.1111111111111111,0.0010037641154328732,1.0,0.2629303602297564,-0.9999999999999999,0.23661374685186926,0.0005041593143433325,3967,25
1,3965,6,0.0002521432173474534,0.14285714285714285,0.0005033979360684622,,0.0,,0.0,0.0002521432173474534,3966,30
1,3965,3,0.0002521432173474534,0.25,0.0005037783375314862,,0.0,,0.0,0.0002521432173474534,3966,35
0,3965,3,0.0,0.0,0.0,,0.0,,0.0,0.0,3965,40
0,3965,3,0.0,0.0,0.0,,0.0,,0.0,0.0,3965,45
0,3965,3,0.0,0.0,0.0,,0.0,,0.0,0.0,3965,50
0,3965,2,0.0,0.0,0.0,,0.0,,0.0,0.0,3965,55
0,3965,2,0.0,0.0,0.0,,0.0,,0.0,0.0,3965,60
0,3965,1,0.0,0.0,0.0,,0.0,,0.0,0.0,3965,65
0,3965,1,0.0,0.0,0.0,,0.0,,0.0,0.0,3965,70
0,3965,1,0.0,0.0,0.0,,0.0,,0.0,0.0,3965,75
0,3965,1,0.0,0.0,0.0,,0.0,,0.0,0.0,3965,80
0,3965,0,0.0,0.0,0.0,,0.0,,0.0,0.0,3965,85
0,3965,0,0.0,0.0,0.0,,0.0,,0.0,0.0,3965,90
0,3965,0,0.0,0.0,0.0,,0.0,,0.0,0.0,3965,95
