TP,FP,FN,precision,recall,F1,corr_reads_mapped,L1_f_unique_weighted_reads_mapped,corr_ave_abund,L1_average_abund_reads_mapped_div_gene_len,percent_correct_predictions,total_number_of_predictions,filter_threshold
10513,1632,23505,0.8656237134623301,0.3090422717384914,0.45547299785542544,0.5267665312738036,0.5536789320570367,0.47114139280591466,0.5169020447631059,0.8656237134623301,12145,0
4218,1632,2780,0.721025641025641,0.6027436410402972,0.6566002490660026,0.5275855119019722,0.5017880064292386,0.5314002488410021,0.45650269649190633,0.721025641025641,5850,5
1032,1632,390,0.38738738738738737,0.7257383966244726,0.5051395007342143,0.4655614218137881,0.4382580567777735,0.5588012581732299,0.4457449660944621,0.38738738738738737,2664,10
440,1632,186,0.21235521235521235,0.7028753993610224,0.32616753150481836,0.4258545405633953,0.3490615074897777,0.4981787635803408,0.2929165981215988,0.21235521235521235,2072,15
255,1632,112,0.13513513513513514,0.6948228882833788,0.22626441881100265,0.7677537333072082,0.2537115454354903,0.5687549059000865,0.20268295664709518,0.13513513513513514,1887,20
162,1632,82,0.0903010033444816,0.6639344262295082,0.1589793915603533,0.7940960593260115,0.2257049546464177,0.6593881251398725,0.1726594517761039,0.0903010033444816,1794,25
102,1632,63,0.058823529411764705,0.6181818181818182,0.10742496050552922,0.7826727713300717,0.22711401878064844,0.6764389877498376,0.16615492375524082,0.058823529411764705,1734,30
62,1632,48,0.03659976387249114,0.5636363636363636,0.0687361419068736,0.7325350570603784,0.22929824701126053,0.5774604547547921,0.16543373328081418,0.03659976387249114,1694,35
47,1632,37,0.02799285288862418,0.5595238095238095,0.05331820760068065,0.7201795554953111,0.23583515084368095,0.5727563303693973,0.14749874648469818,0.02799285288862418,1679,40
30,1632,21,0.018050541516245487,0.5882352941176471,0.03502626970227671,0.699580137357012,0.252446110840444,0.5272985739778699,0.17002644298841438,0.018050541516245487,1662,45
20,1632,13,0.012106537530266344,0.6060606060606061,0.023738872403560828,0.7076468392008365,0.2640819592196227,0.46084274274109654,0.19626421330625557,0.012106537530266344,1652,50
13,1632,10,0.007902735562310031,0.5652173913043478,0.015587529976019185,0.5426916122419035,0.2676913127112488,0.5500054108485586,0.21935987237825463,0.007902735562310031,1645,55
7,1632,8,0.004270896888346553,0.4666666666666667,0.008464328899637243,0.6080417766267364,0.28760994146651864,0.13327380007304515,0.23993700341185245,0.004270896888346553,1639,60
3,1632,6,0.001834862385321101,0.3333333333333333,0.0036496350364963502,-0.8160252922969571,0.22874608403712263,-0.9951326043613792,0.27682206746041776,0.001834862385321101,1635,65
0,1632,3,0.0,0.0,0.0,,0.0,,0.0,0.0,1632,70
0,1632,3,0.0,0.0,0.0,,0.0,,0.0,0.0,1632,75
0,1632,2,0.0,0.0,0.0,,0.0,,0.0,0.0,1632,80
0,1632,2,0.0,0.0,0.0,,0.0,,0.0,0.0,1632,85
0,1632,1,0.0,0.0,0.0,,0.0,,0.0,0.0,1632,90
0,1632,0,0.0,0.0,0.0,,0.0,,0.0,0.0,1632,95
