TP,FP,FN,precision,recall,F1,corr_reads_mapped,L1_f_unique_weighted_reads_mapped,corr_ave_abund,L1_average_abund_reads_mapped_div_gene_len,percent_correct_predictions,total_number_of_predictions,filter_threshold
2785,4527,18005,0.38088074398249455,0.13395863395863397,0.19820653334282257,0.2468051210022809,1.0014773049858903,-0.0935382691018544,0.7322151376319767,0.38088074398249455,7312,0
352,4527,886,0.07214593154334904,0.284329563812601,0.11508909596207291,0.5573315069622424,0.9397459084525801,-0.26053476034417894,0.5402488806897738,0.07214593154334904,4879,5
32,4527,27,0.007019083132265848,0.5423728813559322,0.01385881333910784,0.8726919028016596,0.7210486922963291,-0.15732051489980947,0.42591517087172936,0.007019083132265848,4559,10
5,4527,2,0.0011032656663724624,0.7142857142857143,0.002203128442388191,0.9007128389745269,0.39623336652643487,-0.679469955632513,0.40622528937937513,0.0011032656663724624,4532,15
2,4527,0,0.00044159858688452196,1.0,0.0008828073273008167,1.0,0.13176652614769085,-0.9999999999999998,0.2182951521215757,0.00044159858688452196,4529,20
1,4527,0,0.00022084805653710247,1.0,0.00044159858688452196,,0.0,,0.0,0.00022084805653710247,4528,25
1,4527,0,0.00022084805653710247,1.0,0.00044159858688452196,,0.0,,0.0,0.00022084805653710247,4528,30
1,4527,0,0.00022084805653710247,1.0,0.00044159858688452196,,0.0,,0.0,0.00022084805653710247,4528,35
0,4527,0,0.0,0.0,0.0,,0.0,,0.0,0.0,4527,40
0,4527,0,0.0,0.0,0.0,,0.0,,0.0,0.0,4527,45
0,4527,0,0.0,0.0,0.0,,0.0,,0.0,0.0,4527,50
0,4527,0,0.0,0.0,0.0,,0.0,,0.0,0.0,4527,55
0,4527,0,0.0,0.0,0.0,,0.0,,0.0,0.0,4527,60
0,4527,0,0.0,0.0,0.0,,0.0,,0.0,0.0,4527,65
0,4527,0,0.0,0.0,0.0,,0.0,,0.0,0.0,4527,70
0,4527,0,0.0,0.0,0.0,,0.0,,0.0,0.0,4527,75
0,4527,0,0.0,0.0,0.0,,0.0,,0.0,0.0,4527,80
0,4527,0,0.0,0.0,0.0,,0.0,,0.0,0.0,4527,85
0,4527,0,0.0,0.0,0.0,,0.0,,0.0,0.0,4527,90
0,4527,0,0.0,0.0,0.0,,0.0,,0.0,0.0,4527,95
