TP,FP,FN,precision,recall,F1,corr_reads_mapped,L1_f_unique_weighted_reads_mapped,corr_ave_abund,L1_average_abund_reads_mapped_div_gene_len,percent_correct_predictions,total_number_of_predictions,filter_threshold
5171,1231,16545,0.8077163386441737,0.23811935899797385,0.36780709865566547,0.3679673184398179,0.5875105420463962,0.23091530896493664,0.5491395327558497,0.8077163386441737,6402,0
819,1231,220,0.39951219512195124,0.7882579403272377,0.5302686953706701,0.45424954198705786,0.4084966917182069,0.29966373340618946,0.3221795867703337,0.39951219512195124,2050,5
79,1231,3,0.06030534351145038,0.9634146341463414,0.11350574712643677,0.18411068586315152,0.3719768709314382,0.36925490921871806,0.2769734742900123,0.06030534351145038,1310,10
11,1231,1,0.008856682769726247,0.9166666666666666,0.017543859649122806,0.4698899262169332,0.25510957892135666,0.7568965539438838,0.24211745213564687,0.008856682769726247,1242,15
2,1231,0,0.0016220600162206002,1.0,0.0032388663967611335,,0.019354838709677413,1.0,0.18658600884081789,0.0016220600162206002,1233,20
0,1231,0,0.0,0.0,0.0,,0.0,,0.0,0.0,1231,25
0,1231,0,0.0,0.0,0.0,,0.0,,0.0,0.0,1231,30
0,1231,0,0.0,0.0,0.0,,0.0,,0.0,0.0,1231,35
0,1231,0,0.0,0.0,0.0,,0.0,,0.0,0.0,1231,40
0,1231,0,0.0,0.0,0.0,,0.0,,0.0,0.0,1231,45
0,1231,0,0.0,0.0,0.0,,0.0,,0.0,0.0,1231,50
0,1231,0,0.0,0.0,0.0,,0.0,,0.0,0.0,1231,55
0,1231,0,0.0,0.0,0.0,,0.0,,0.0,0.0,1231,60
0,1231,0,0.0,0.0,0.0,,0.0,,0.0,0.0,1231,65
0,1231,0,0.0,0.0,0.0,,0.0,,0.0,0.0,1231,70
0,1231,0,0.0,0.0,0.0,,0.0,,0.0,0.0,1231,75
0,1231,0,0.0,0.0,0.0,,0.0,,0.0,0.0,1231,80
0,1231,0,0.0,0.0,0.0,,0.0,,0.0,0.0,1231,85
0,1231,0,0.0,0.0,0.0,,0.0,,0.0,0.0,1231,90
0,1231,0,0.0,0.0,0.0,,0.0,,0.0,0.0,1231,95
