TP,FP,FN,precision,recall,F1,corr_reads_mapped,L1_f_unique_weighted_reads_mapped,corr_ave_abund,L1_average_abund_reads_mapped_div_gene_len,percent_correct_predictions,total_number_of_predictions,filter_threshold
4680,2178,16253,0.6824146981627297,0.22357043901972962,0.3367996833507251,0.37824504543987914,0.5316581143813639,0.2695230986776137,0.5124584883083023,0.6824146981627297,6858,0
647,2178,200,0.22902654867256636,0.7638724911452184,0.35239651416122003,0.5681956259107602,0.3750295156066829,0.4341488042312258,0.3595193577094593,0.22902654867256636,2825,5
81,2178,4,0.035856573705179286,0.9529411764705882,0.06911262798634812,0.43954909995069585,0.30240791641741094,0.42421696350221194,0.2600501757134788,0.035856573705179286,2259,10
17,2178,0,0.007744874715261959,1.0,0.015370705244122965,0.14833562013723262,0.29241615139591515,0.5557034828238199,0.212552628166875,0.007744874715261959,2195,15
1,2178,0,0.0004589261128958238,1.0,0.0009174311926605505,,0.0,,0.0,0.0004589261128958238,2179,20
0,2178,0,0.0,0.0,0.0,,0.0,,0.0,0.0,2178,25
0,2178,0,0.0,0.0,0.0,,0.0,,0.0,0.0,2178,30
0,2178,0,0.0,0.0,0.0,,0.0,,0.0,0.0,2178,35
0,2178,0,0.0,0.0,0.0,,0.0,,0.0,0.0,2178,40
0,2178,0,0.0,0.0,0.0,,0.0,,0.0,0.0,2178,45
0,2178,0,0.0,0.0,0.0,,0.0,,0.0,0.0,2178,50
0,2178,0,0.0,0.0,0.0,,0.0,,0.0,0.0,2178,55
0,2178,0,0.0,0.0,0.0,,0.0,,0.0,0.0,2178,60
0,2178,0,0.0,0.0,0.0,,0.0,,0.0,0.0,2178,65
0,2178,0,0.0,0.0,0.0,,0.0,,0.0,0.0,2178,70
0,2178,0,0.0,0.0,0.0,,0.0,,0.0,0.0,2178,75
0,2178,0,0.0,0.0,0.0,,0.0,,0.0,0.0,2178,80
0,2178,0,0.0,0.0,0.0,,0.0,,0.0,0.0,2178,85
0,2178,0,0.0,0.0,0.0,,0.0,,0.0,0.0,2178,90
0,2178,0,0.0,0.0,0.0,,0.0,,0.0,0.0,2178,95
