TP,FP,FN,precision,recall,F1,corr_reads_mapped,L1_f_unique_weighted_reads_mapped,corr_ave_abund,L1_average_abund_reads_mapped_div_gene_len,percent_correct_predictions,total_number_of_predictions,filter_threshold
2847,4518,16398,0.3865580448065173,0.14793452844894778,0.21397970687711387,0.19689845144794293,0.9928599763309405,-0.05712661538289749,0.762865151539532,0.3865580448065173,7365,0
458,4518,535,0.09204180064308681,0.4612286002014099,0.15345954096163514,0.213148281277754,0.950961398352327,-0.2766999682969463,0.6180140436265977,0.09204180064308681,4976,5
109,4518,28,0.023557380592176356,0.7956204379562044,0.04575986565910999,0.22693148430939614,0.9047484159144745,-0.3191521622308903,0.4929608877354775,0.023557380592176356,4627,10
29,4518,2,0.0063778315372773255,0.9354838709677419,0.012669287898645696,0.010336795798012957,0.8889282654404873,-0.5178311713853677,0.40479394868658297,0.0063778315372773255,4547,15
11,4518,0,0.002428792227864871,1.0,0.004845814977973568,0.49025627332038935,0.5616428285030362,-0.1324792825404381,0.26404864201107964,0.002428792227864871,4529,20
1,4518,0,0.0002212878955521133,1.0,0.00044247787610619474,,0.0,,0.0,0.0002212878955521133,4519,25
0,4518,0,0.0,0.0,0.0,,0.0,,0.0,0.0,4518,30
0,4518,0,0.0,0.0,0.0,,0.0,,0.0,0.0,4518,35
0,4518,0,0.0,0.0,0.0,,0.0,,0.0,0.0,4518,40
0,4518,0,0.0,0.0,0.0,,0.0,,0.0,0.0,4518,45
0,4518,0,0.0,0.0,0.0,,0.0,,0.0,0.0,4518,50
0,4518,0,0.0,0.0,0.0,,0.0,,0.0,0.0,4518,55
0,4518,0,0.0,0.0,0.0,,0.0,,0.0,0.0,4518,60
0,4518,0,0.0,0.0,0.0,,0.0,,0.0,0.0,4518,65
0,4518,0,0.0,0.0,0.0,,0.0,,0.0,0.0,4518,70
0,4518,0,0.0,0.0,0.0,,0.0,,0.0,0.0,4518,75
0,4518,0,0.0,0.0,0.0,,0.0,,0.0,0.0,4518,80
0,4518,0,0.0,0.0,0.0,,0.0,,0.0,0.0,4518,85
0,4518,0,0.0,0.0,0.0,,0.0,,0.0,0.0,4518,90
0,4518,0,0.0,0.0,0.0,,0.0,,0.0,0.0,4518,95
