TP,FP,FN,precision,recall,F1,corr_reads_mapped,L1_f_unique_weighted_reads_mapped,corr_ave_abund,L1_average_abund_reads_mapped_div_gene_len,percent_correct_predictions,total_number_of_predictions,filter_threshold
9628,3534,25951,0.7314997720711138,0.27060906714635036,0.39506780739008224,0.2839227814975148,0.6215462422345669,0.2674386695778542,0.527504770657329,0.7314997720711138,13162,0
3602,3534,4309,0.5047645739910314,0.4553153836430287,0.47876653153452514,0.4582960369797948,0.48599164736937045,0.3037963656936641,0.3194284859939716,0.5047645739910314,7136,5
984,3534,950,0.21779548472775564,0.5087900723888314,0.3050216986980781,0.48766132680087415,0.4784024394642622,0.3835178251444076,0.2518241017475599,0.21779548472775564,4518,10
292,3534,260,0.07631991636173549,0.5289855072463768,0.13339424394700777,0.41031351633523666,0.4930553116436382,0.3151119302234605,0.2597957362013431,0.07631991636173549,3826,15
95,3534,107,0.02617801047120419,0.47029702970297027,0.04959540589924302,0.3545469006247847,0.4907982585736572,0.16607101473153008,0.3109925421951393,0.02617801047120419,3629,20
29,3534,47,0.00813920853213584,0.3815789473684211,0.015938444627644956,0.1576099755197089,0.529631270447037,0.42655250921289084,0.24772680938702268,0.00813920853213584,3563,25
12,3534,30,0.00338409475465313,0.2857142857142857,0.006688963210702341,0.14091499978654812,0.548987655745045,0.6567622889674302,0.23515676059340307,0.00338409475465313,3546,30
3,3534,17,0.0008481764206955047,0.15,0.0016868147315153219,0.982373979730821,0.06075111190889332,-0.18823777757525048,0.08721247897531503,0.0008481764206955047,3537,35
2,3534,6,0.0005656108597285068,0.25,0.0011286681715575622,1.0,0.00939383197447713,0.9999999999999999,0.0347510013375939,0.0005656108597285068,3536,40
2,3534,2,0.0005656108597285068,0.5,0.0011299435028248588,1.0,0.00939383197447713,0.9999999999999999,0.0347510013375939,0.0005656108597285068,3536,45
2,3534,2,0.0005656108597285068,0.5,0.0011299435028248588,1.0,0.00939383197447713,0.9999999999999999,0.0347510013375939,0.0005656108597285068,3536,50
1,3534,1,0.0002828854314002829,0.5,0.0005654509471303364,,0.0,,0.0,0.0002828854314002829,3535,55
1,3534,1,0.0002828854314002829,0.5,0.0005654509471303364,,0.0,,0.0,0.0002828854314002829,3535,60
1,3534,0,0.0002828854314002829,1.0,0.0005656108597285067,,0.0,,0.0,0.0002828854314002829,3535,65
1,3534,0,0.0002828854314002829,1.0,0.0005656108597285067,,0.0,,0.0,0.0002828854314002829,3535,70
0,3534,0,0.0,0.0,0.0,,0.0,,0.0,0.0,3534,75
0,3534,0,0.0,0.0,0.0,,0.0,,0.0,0.0,3534,80
0,3534,0,0.0,0.0,0.0,,0.0,,0.0,0.0,3534,85
0,3534,0,0.0,0.0,0.0,,0.0,,0.0,0.0,3534,90
0,3534,0,0.0,0.0,0.0,,0.0,,0.0,0.0,3534,95
