TP,FP,FN,precision,recall,F1,corr_reads_mapped,L1_f_unique_weighted_reads_mapped,corr_ave_abund,L1_average_abund_reads_mapped_div_gene_len,percent_correct_predictions,total_number_of_predictions,filter_threshold
11357,1350,26536,0.8937593452427796,0.29971234792705775,0.448893280632411,0.434967161774707,0.6334503236140365,0.3728656485055508,0.5893640965132649,0.8937593452427796,12707,0
3780,1350,2804,0.7368421052631579,0.5741190765492102,0.6453815946730408,0.4707993413127466,0.5467197734834903,0.3784669393051236,0.5072028986901522,0.7368421052631579,5130,5
1085,1350,226,0.4455852156057495,0.8276125095347063,0.5792845702082221,0.5623873600181825,0.3735445801980882,0.4827603624439512,0.341581861768933,0.4455852156057495,2435,10
515,1350,31,0.2761394101876676,0.9432234432234432,0.42720862712567403,0.7021365610665464,0.26933009629799576,0.6407502316112305,0.2122534838704126,0.2761394101876676,1865,15
268,1350,6,0.16563658838071693,0.9781021897810219,0.28329809725158556,0.8141417176903534,0.2182792362362068,0.6931139571385696,0.16752295587865068,0.16563658838071693,1618,20
130,1350,3,0.08783783783783784,0.9774436090225563,0.1611903285802852,0.780736006344391,0.21466705755768642,0.617105356042857,0.16116322505020966,0.08783783783783784,1480,25
78,1350,3,0.0546218487394958,0.9629629629629629,0.10337972166998012,0.7582707875728868,0.21593340662779756,0.6947804971653742,0.14374274005763726,0.0546218487394958,1428,30
40,1350,2,0.02877697841726619,0.9523809523809523,0.0558659217877095,0.7609119078257874,0.23633412440513893,0.5591267633476595,0.1680579984640938,0.02877697841726619,1390,35
23,1350,1,0.016751638747268753,0.9583333333333334,0.0329277022190408,0.8134122582090264,0.2232689058553345,0.5634663422579741,0.15194209396325592,0.016751638747268753,1373,40
14,1350,0,0.010263929618768328,1.0,0.020319303338171262,0.8832402299069425,0.23586982936997436,0.7034694250205072,0.14470561391989578,0.010263929618768328,1364,45
8,1350,0,0.005891016200294551,1.0,0.01171303074670571,0.8844967745077064,0.19143574048005757,0.7797114551487729,0.1840020431286201,0.005891016200294551,1358,50
4,1350,0,0.0029542097488921715,1.0,0.0058910162002945516,0.7213906626258382,0.08903141866823808,0.895392694028949,0.1813513078297413,0.0029542097488921715,1354,55
3,1350,0,0.0022172949002217295,1.0,0.004424778761061947,0.6363991466996883,0.11354436948609797,0.40671739662173817,0.12890478310758702,0.0022172949002217295,1353,60
2,1350,0,0.0014792899408284023,1.0,0.002954209748892171,-1.0,0.09406593406592478,0.9999999999999998,0.04141163747731719,0.0014792899408284023,1352,65
1,1350,0,0.0007401924500370096,1.0,0.0014792899408284023,,0.0,,0.0,0.0007401924500370096,1351,70
1,1350,0,0.0007401924500370096,1.0,0.0014792899408284023,,0.0,,0.0,0.0007401924500370096,1351,75
0,1350,0,0.0,0.0,0.0,,0.0,,0.0,0.0,1350,80
0,1350,0,0.0,0.0,0.0,,0.0,,0.0,0.0,1350,85
0,1350,0,0.0,0.0,0.0,,0.0,,0.0,0.0,1350,90
0,1350,0,0.0,0.0,0.0,,0.0,,0.0,0.0,1350,95
