TP,FP,FN,precision,recall,F1,corr_reads_mapped,L1_f_unique_weighted_reads_mapped,corr_ave_abund,L1_average_abund_reads_mapped_div_gene_len,percent_correct_predictions,total_number_of_predictions,filter_threshold
7508,1287,21962,0.8536668561682774,0.25476756023074315,0.392421272703515,0.4312002367371509,0.6856273057367561,0.290698739539337,0.5804817522032587,0.8536668561682774,8795,0
2694,1287,2714,0.6767143933685004,0.4981508875739645,0.5738630312067312,0.30456444355097917,0.6650220271637355,0.08845598684784733,0.5126941506367507,0.6767143933685004,3981,5
704,1287,912,0.35359116022099446,0.43564356435643564,0.3903520931522041,0.23008920022176463,0.6451351742253478,-0.006554504778997095,0.5021189619161154,0.35359116022099446,1991,10
255,1287,440,0.16536964980544747,0.3669064748201439,0.2279839070183281,0.2748958571506628,0.5171593495603414,-0.010007033668849662,0.39259296733749993,0.16536964980544747,1542,15
106,1287,298,0.07609475951184494,0.2623762376237624,0.11797440178074567,0.41209416974478214,0.35460688404957447,0.023424288172162668,0.2846447804338193,0.07609475951184494,1393,20
55,1287,250,0.040983606557377046,0.18032786885245902,0.06678809957498481,0.514272963770176,0.2823090564132592,0.20178373632136576,0.24383329412893456,0.040983606557377046,1342,25
30,1287,233,0.022779043280182234,0.11406844106463879,0.0379746835443038,0.5705764018241206,0.26233058054967273,0.06842392500176035,0.2655738735226252,0.022779043280182234,1317,30
22,1287,224,0.01680672268907563,0.08943089430894309,0.02829581993569132,0.561371603502456,0.2987949225846731,0.06062846772655496,0.3153499280509302,0.01680672268907563,1309,35
12,1287,208,0.009237875288683603,0.05454545454545454,0.015799868334430544,0.5076106208992197,0.36311547871396904,-0.4743018157856009,0.3969926311925747,0.009237875288683603,1299,40
5,1287,195,0.003869969040247678,0.025,0.006702412868632708,0.24468112309119086,0.5363378119000233,-0.743546751545355,0.5136838545662372,0.003869969040247678,1292,45
3,1287,181,0.002325581395348837,0.016304347826086956,0.004070556309362279,-0.8417945674510562,0.6033940505829898,-0.832243443723885,0.5974843613653326,0.002325581395348837,1290,50
0,1287,171,0.0,0.0,0.0,,0.0,,0.0,0.0,1287,55
0,1287,157,0.0,0.0,0.0,,0.0,,0.0,0.0,1287,60
0,1287,145,0.0,0.0,0.0,,0.0,,0.0,0.0,1287,65
0,1287,136,0.0,0.0,0.0,,0.0,,0.0,0.0,1287,70
0,1287,129,0.0,0.0,0.0,,0.0,,0.0,0.0,1287,75
0,1287,124,0.0,0.0,0.0,,0.0,,0.0,0.0,1287,80
0,1287,123,0.0,0.0,0.0,,0.0,,0.0,0.0,1287,85
0,1287,109,0.0,0.0,0.0,,0.0,,0.0,0.0,1287,90
0,1287,101,0.0,0.0,0.0,,0.0,,0.0,0.0,1287,95
