TP,FP,FN,precision,recall,F1,corr_reads_mapped,L1_f_unique_weighted_reads_mapped,corr_ave_abund,L1_average_abund_reads_mapped_div_gene_len,percent_correct_predictions,total_number_of_predictions,filter_threshold
4744,1834,14501,0.7211918516266342,0.24650558586645882,0.36742438911048286,0.42110626763629405,0.5146492883582902,0.38337980333038396,0.5381247494038105,0.7211918516266342,6578,0
843,1834,150,0.3149047441165484,0.8489425981873112,0.45940054495912813,0.47551452641320247,0.3915759359499374,0.47453982005814505,0.39924634646667173,0.3149047441165484,2677,5
136,1834,1,0.06903553299492386,0.9927007299270073,0.129093497864262,0.2617283345112328,0.35660625871266327,0.3416946051906761,0.28251820850261034,0.06903553299492386,1970,10
31,1834,0,0.016621983914209115,1.0,0.032700421940928266,0.26729026084126584,0.31361273369422815,0.6167660382291692,0.19407294843632789,0.016621983914209115,1865,15
11,1834,0,0.005962059620596206,1.0,0.011853448275862068,-0.17882816394133216,0.28697080485344234,-0.11080350936815776,0.1644744078995705,0.005962059620596206,1845,20
1,1834,0,0.0005449591280653951,1.0,0.0010893246187363835,,0.0,,0.0,0.0005449591280653951,1835,25
0,1834,0,0.0,0.0,0.0,,0.0,,0.0,0.0,1834,30
0,1834,0,0.0,0.0,0.0,,0.0,,0.0,0.0,1834,35
0,1834,0,0.0,0.0,0.0,,0.0,,0.0,0.0,1834,40
0,1834,0,0.0,0.0,0.0,,0.0,,0.0,0.0,1834,45
0,1834,0,0.0,0.0,0.0,,0.0,,0.0,0.0,1834,50
0,1834,0,0.0,0.0,0.0,,0.0,,0.0,0.0,1834,55
0,1834,0,0.0,0.0,0.0,,0.0,,0.0,0.0,1834,60
0,1834,0,0.0,0.0,0.0,,0.0,,0.0,0.0,1834,65
0,1834,0,0.0,0.0,0.0,,0.0,,0.0,0.0,1834,70
0,1834,0,0.0,0.0,0.0,,0.0,,0.0,0.0,1834,75
0,1834,0,0.0,0.0,0.0,,0.0,,0.0,0.0,1834,80
0,1834,0,0.0,0.0,0.0,,0.0,,0.0,0.0,1834,85
0,1834,0,0.0,0.0,0.0,,0.0,,0.0,0.0,1834,90
0,1834,0,0.0,0.0,0.0,,0.0,,0.0,0.0,1834,95
