TP,FP,FN,precision,recall,F1,corr_reads_mapped,L1_f_unique_weighted_reads_mapped,corr_ave_abund,L1_average_abund_reads_mapped_div_gene_len,percent_correct_predictions,total_number_of_predictions,filter_threshold
4437,2223,14591,0.6662162162162162,0.23318267815850327,0.3454531298660854,0.40026892043412193,0.5068017471489714,0.3167350441675863,0.5608070163871808,0.6662162162162162,6660,0
671,2223,345,0.2318590186592951,0.6604330708661418,0.34322250639386187,0.25820705107627756,0.41759474439786715,0.23766432700386064,0.34511797018928464,0.2318590186592951,2894,5
91,2223,104,0.03932584269662921,0.4666666666666667,0.07253886010362695,0.297925741571202,0.30825711394147415,0.3838005441807099,0.2650213587365584,0.03932584269662921,2314,10
14,2223,53,0.006258381761287439,0.208955223880597,0.01215277777777778,0.47759881599962084,0.1823825385621886,0.6777955566494133,0.1964456517817929,0.006258381761287439,2237,15
2,2223,24,0.0008988764044943821,0.07692307692307693,0.0017769880053309641,1.0,0.04057480980557909,1.0,0.33564424275918087,0.0008988764044943821,2225,20
1,2223,10,0.0004496402877697842,0.09090909090909091,0.0008948545861297539,,0.0,,0.0,0.0004496402877697842,2224,25
0,2223,7,0.0,0.0,0.0,,0.0,,0.0,0.0,2223,30
0,2223,1,0.0,0.0,0.0,,0.0,,0.0,0.0,2223,35
0,2223,0,0.0,0.0,0.0,,0.0,,0.0,0.0,2223,40
0,2223,0,0.0,0.0,0.0,,0.0,,0.0,0.0,2223,45
0,2223,0,0.0,0.0,0.0,,0.0,,0.0,0.0,2223,50
0,2223,0,0.0,0.0,0.0,,0.0,,0.0,0.0,2223,55
0,2223,0,0.0,0.0,0.0,,0.0,,0.0,0.0,2223,60
0,2223,0,0.0,0.0,0.0,,0.0,,0.0,0.0,2223,65
0,2223,0,0.0,0.0,0.0,,0.0,,0.0,0.0,2223,70
0,2223,0,0.0,0.0,0.0,,0.0,,0.0,0.0,2223,75
0,2223,0,0.0,0.0,0.0,,0.0,,0.0,0.0,2223,80
0,2223,0,0.0,0.0,0.0,,0.0,,0.0,0.0,2223,85
0,2223,0,0.0,0.0,0.0,,0.0,,0.0,0.0,2223,90
0,2223,0,0.0,0.0,0.0,,0.0,,0.0,0.0,2223,95
