TP,FP,FN,precision,recall,F1,corr_reads_mapped,L1_f_unique_weighted_reads_mapped,corr_ave_abund,L1_average_abund_reads_mapped_div_gene_len,percent_correct_predictions,total_number_of_predictions,filter_threshold
5321,1337,16395,0.7991889456293181,0.2450267084177565,0.37506167618242053,0.3166912375407896,0.6242613497230345,0.23193418371567487,0.5460678372005171,0.7991889456293181,6658,0
823,1337,216,0.38101851851851853,0.7921077959576516,0.514535792435136,0.3385707189432693,0.4666239482679469,0.29355762077641917,0.3166726911457483,0.38101851851851853,2160,5
78,1337,4,0.05512367491166078,0.9512195121951219,0.10420841683366734,0.1556631978179297,0.45720838042814765,0.2517521684471611,0.31408787870273525,0.05512367491166078,1415,10
11,1337,1,0.008160237388724036,0.9166666666666666,0.016176470588235296,0.29961664587299763,0.4114252016911955,0.5997658012296635,0.26023736711776563,0.008160237388724036,1348,15
2,1337,0,0.0014936519790888724,1.0,0.0029828486204325133,,0.08749999999999991,1.0,0.2068456785965721,0.0014936519790888724,1339,20
0,1337,0,0.0,0.0,0.0,,0.0,,0.0,0.0,1337,25
0,1337,0,0.0,0.0,0.0,,0.0,,0.0,0.0,1337,30
0,1337,0,0.0,0.0,0.0,,0.0,,0.0,0.0,1337,35
0,1337,0,0.0,0.0,0.0,,0.0,,0.0,0.0,1337,40
0,1337,0,0.0,0.0,0.0,,0.0,,0.0,0.0,1337,45
0,1337,0,0.0,0.0,0.0,,0.0,,0.0,0.0,1337,50
0,1337,0,0.0,0.0,0.0,,0.0,,0.0,0.0,1337,55
0,1337,0,0.0,0.0,0.0,,0.0,,0.0,0.0,1337,60
0,1337,0,0.0,0.0,0.0,,0.0,,0.0,0.0,1337,65
0,1337,0,0.0,0.0,0.0,,0.0,,0.0,0.0,1337,70
0,1337,0,0.0,0.0,0.0,,0.0,,0.0,0.0,1337,75
0,1337,0,0.0,0.0,0.0,,0.0,,0.0,0.0,1337,80
0,1337,0,0.0,0.0,0.0,,0.0,,0.0,0.0,1337,85
0,1337,0,0.0,0.0,0.0,,0.0,,0.0,0.0,1337,90
0,1337,0,0.0,0.0,0.0,,0.0,,0.0,0.0,1337,95
