TP,FP,FN,precision,recall,F1,corr_reads_mapped,L1_f_unique_weighted_reads_mapped,corr_ave_abund,L1_average_abund_reads_mapped_div_gene_len,percent_correct_predictions,total_number_of_predictions,filter_threshold
7459,3494,23534,0.6810006390943121,0.240667247442971,0.3556477375673485,0.39518464908949286,0.5940164193927644,0.2399067736550617,0.5868161826433704,0.6810006390943121,10953,0
3380,3494,3697,0.4917078847832412,0.47760350430973575,0.484553078632356,0.4729858762332131,0.37519831839956586,0.27141783221103916,0.29921669976745846,0.4917078847832412,6874,5
1079,3494,805,0.23595014213863985,0.5727176220806794,0.3342109338702184,0.3518444285836143,0.37400225174312424,0.17326016765918095,0.2767754250005026,0.23595014213863985,4573,10
324,3494,354,0.08486118386589837,0.4778761061946903,0.14412811387900354,0.31613132821990464,0.364744618923181,0.20032397401457672,0.2612100471512896,0.08486118386589837,3818,15
93,3494,257,0.025926958461109564,0.26571428571428574,0.04724409448818898,0.4562468283199289,0.3312826715497521,0.4003894891320119,0.22520819740297737,0.025926958461109564,3587,20
31,3494,234,0.008794326241134751,0.1169811320754717,0.016358839050131926,0.32282039158545817,0.4028394298663955,0.5016650082459875,0.26141166499980056,0.008794326241134751,3525,25
9,3494,220,0.002569226377390808,0.039301310043668124,0.004823151125401929,0.05592668546418083,0.5551072764224345,0.6569815615930357,0.33590356335555555,0.002569226377390808,3503,30
6,3494,211,0.0017142857142857142,0.027649769585253458,0.003228410008071025,-0.401156086125483,0.6165882928887096,0.7423738497230876,0.3894005937872426,0.0017142857142857142,3500,35
4,3494,201,0.0011435105774728416,0.01951219512195122,0.0021604104779908186,0.5762003526222759,0.1513034848658346,0.9880272153607375,0.13728765065289475,0.0011435105774728416,3498,40
4,3494,183,0.0011435105774728416,0.0213903743315508,0.002170963364993216,0.5762003526222759,0.1513034848658346,0.9880272153607375,0.13728765065289475,0.0011435105774728416,3498,45
2,3494,170,0.0005720823798627002,0.011627906976744186,0.0010905125408942203,-1.0,0.17931822509998085,0.9999999999999999,0.03431277862140525,0.0005720823798627002,3496,50
1,3494,162,0.0002861230329041488,0.006134969325153374,0.0005467468562055769,,0.0,,0.0,0.0002861230329041488,3495,55
1,3494,144,0.0002861230329041488,0.006896551724137931,0.0005494505494505495,,0.0,,0.0,0.0002861230329041488,3495,60
1,3494,135,0.0002861230329041488,0.007352941176470588,0.000550812448361333,,0.0,,0.0,0.0002861230329041488,3495,65
0,3494,126,0.0,0.0,0.0,,0.0,,0.0,0.0,3494,70
0,3494,116,0.0,0.0,0.0,,0.0,,0.0,0.0,3494,75
0,3494,109,0.0,0.0,0.0,,0.0,,0.0,0.0,3494,80
0,3494,100,0.0,0.0,0.0,,0.0,,0.0,0.0,3494,85
0,3494,93,0.0,0.0,0.0,,0.0,,0.0,0.0,3494,90
0,3494,83,0.0,0.0,0.0,,0.0,,0.0,0.0,3494,95
