TP,FP,FN,precision,recall,F1,corr_reads_mapped,L1_f_unique_weighted_reads_mapped,corr_ave_abund,L1_average_abund_reads_mapped_div_gene_len,percent_correct_predictions,total_number_of_predictions,filter_threshold
7764,2179,22402,0.7808508498441115,0.2573758536100245,0.3871450297938118,0.3354709110639784,0.6984297313776762,0.24475154966298537,0.5264501349208042,0.7808508498441115,9943,0
4446,2179,4876,0.6710943396226415,0.47693627976829006,0.5575970401956482,0.3760432930745453,0.5867109116842604,0.2626419370762513,0.326701905505544,0.6710943396226415,6625,5
1693,2179,890,0.4372417355371901,0.6554394115369725,0.524554608830364,0.25368672437512946,0.5985755542256861,0.17096949508947604,0.30575712183417403,0.4372417355371901,3872,10
506,2179,187,0.18845437616387337,0.7301587301587301,0.2995855535820012,0.1687508752786711,0.619595651212764,0.11312463235509439,0.30667617534139935,0.18845437616387337,2685,15
167,2179,42,0.0711849957374254,0.7990430622009569,0.13072407045009782,0.21530529428208386,0.6184937366681825,0.1561835916670788,0.28010598666918285,0.0711849957374254,2346,20
54,2179,16,0.02418271383788625,0.7714285714285715,0.04689535388623534,0.30919389735132224,0.559659962129234,0.21892024852103364,0.2429594999122917,0.02418271383788625,2233,25
25,2179,6,0.011343012704174229,0.8064516129032258,0.02237136465324385,0.19802562738198817,0.6072742690433786,0.3847216088410208,0.22685705312033175,0.011343012704174229,2204,30
7,2179,5,0.003202195791399817,0.5833333333333334,0.006369426751592357,0.8489615658516262,0.5402498353473716,0.6365586562323097,0.14714483832731462,0.003202195791399817,2186,35
2,2179,1,0.0009170105456212746,0.6666666666666666,0.0018315018315018315,1.0,0.4484176577302963,1.0,0.11748124820061456,0.0009170105456212746,2181,40
1,2179,1,0.00045871559633027525,0.5,0.0009165902841429881,,0.0,,0.0,0.00045871559633027525,2180,45
1,2179,0,0.00045871559633027525,1.0,0.0009170105456212747,,0.0,,0.0,0.00045871559633027525,2180,50
1,2179,0,0.00045871559633027525,1.0,0.0009170105456212747,,0.0,,0.0,0.00045871559633027525,2180,55
1,2179,0,0.00045871559633027525,1.0,0.0009170105456212747,,0.0,,0.0,0.00045871559633027525,2180,60
1,2179,0,0.00045871559633027525,1.0,0.0009170105456212747,,0.0,,0.0,0.00045871559633027525,2180,65
1,2179,0,0.00045871559633027525,1.0,0.0009170105456212747,,0.0,,0.0,0.00045871559633027525,2180,70
1,2179,0,0.00045871559633027525,1.0,0.0009170105456212747,,0.0,,0.0,0.00045871559633027525,2180,75
1,2179,0,0.00045871559633027525,1.0,0.0009170105456212747,,0.0,,0.0,0.00045871559633027525,2180,80
0,2179,0,0.0,0.0,0.0,,0.0,,0.0,0.0,2179,85
0,2179,0,0.0,0.0,0.0,,0.0,,0.0,0.0,2179,90
0,2179,0,0.0,0.0,0.0,,0.0,,0.0,0.0,2179,95
