TP,FP,FN,precision,recall,F1,corr_reads_mapped,L1_f_unique_weighted_reads_mapped,corr_ave_abund,L1_average_abund_reads_mapped_div_gene_len,percent_correct_predictions,total_number_of_predictions,filter_threshold
2784,4617,18315,0.3761653830563437,0.13194938148727428,0.19536842105263158,0.23079678110273277,0.9733736004677768,-0.0856249822335698,0.6876098311119969,0.3761653830563437,7401,0
227,4617,878,0.046862097440132124,0.20542986425339366,0.07631534711716254,0.4767965194525282,0.9142773447728465,-0.260273540136839,0.5250096590451725,0.046862097440132124,4844,5
21,4617,45,0.004527813712807244,0.3181818181818182,0.008928571428571428,0.6467621414748453,0.8360071684448094,-0.32190174012981543,0.5684384804435287,0.004527813712807244,4638,10
3,4617,8,0.0006493506493506494,0.2727272727272727,0.0012956164975167351,0.9994749424480218,0.32320802344690913,-0.53290312380976,0.24335938770464344,0.0006493506493506494,4620,15
2,4617,1,0.00043299415457891317,0.6666666666666666,0.0008654262224145391,1.0,0.1901928564012712,1.0,0.18058425071108214,0.00043299415457891317,4619,20
1,4617,1,0.00021654395842355997,0.5,0.0004329004329004329,,0.0,,0.0,0.00021654395842355997,4618,25
1,4617,0,0.00021654395842355997,1.0,0.0004329941545789131,,0.0,,0.0,0.00021654395842355997,4618,30
0,4617,0,0.0,0.0,0.0,,0.0,,0.0,0.0,4617,35
0,4617,0,0.0,0.0,0.0,,0.0,,0.0,0.0,4617,40
0,4617,0,0.0,0.0,0.0,,0.0,,0.0,0.0,4617,45
0,4617,0,0.0,0.0,0.0,,0.0,,0.0,0.0,4617,50
0,4617,0,0.0,0.0,0.0,,0.0,,0.0,0.0,4617,55
0,4617,0,0.0,0.0,0.0,,0.0,,0.0,0.0,4617,60
0,4617,0,0.0,0.0,0.0,,0.0,,0.0,0.0,4617,65
0,4617,0,0.0,0.0,0.0,,0.0,,0.0,0.0,4617,70
0,4617,0,0.0,0.0,0.0,,0.0,,0.0,0.0,4617,75
0,4617,0,0.0,0.0,0.0,,0.0,,0.0,0.0,4617,80
0,4617,0,0.0,0.0,0.0,,0.0,,0.0,0.0,4617,85
0,4617,0,0.0,0.0,0.0,,0.0,,0.0,0.0,4617,90
0,4617,0,0.0,0.0,0.0,,0.0,,0.0,0.0,4617,95
