TP,FP,FN,precision,recall,F1,corr_reads_mapped,L1_f_unique_weighted_reads_mapped,corr_ave_abund,L1_average_abund_reads_mapped_div_gene_len,percent_correct_predictions,total_number_of_predictions,filter_threshold
2244,5141,15695,0.3038591740013541,0.12509058475946264,0.17722318749012794,0.2827596869739369,0.9435554954530165,-0.10522142930864806,0.6729863059118483,0.3038591740013541,7385,0
299,5141,866,0.054963235294117646,0.25665236051502144,0.09053747161241484,0.5617245465373686,0.8846612107692555,-0.3284556070247674,0.5352454297023342,0.054963235294117646,5440,5
21,5141,238,0.004068190623789229,0.08108108108108109,0.007747648035417819,0.6097141918733318,0.5755231690334627,-0.5756896013753824,0.41166050988932656,0.004068190623789229,5162,10
3,5141,190,0.0005832037325038881,0.015544041450777202,0.0011242270938729626,-0.8538493032182093,0.35392338492798076,-0.9926624410455662,0.3179678912811047,0.0005832037325038881,5144,15
1,5141,152,0.00019447685725398678,0.006535947712418301,0.0003777148253068933,,0.0,,0.0,0.00019447685725398678,5142,20
1,5141,126,0.00019447685725398678,0.007874015748031496,0.0003795786676788764,,0.0,,0.0,0.00019447685725398678,5142,25
0,5141,97,0.0,0.0,0.0,,0.0,,0.0,0.0,5141,30
0,5141,70,0.0,0.0,0.0,,0.0,,0.0,0.0,5141,35
0,5141,56,0.0,0.0,0.0,,0.0,,0.0,0.0,5141,40
0,5141,43,0.0,0.0,0.0,,0.0,,0.0,0.0,5141,45
0,5141,37,0.0,0.0,0.0,,0.0,,0.0,0.0,5141,50
0,5141,27,0.0,0.0,0.0,,0.0,,0.0,0.0,5141,55
0,5141,24,0.0,0.0,0.0,,0.0,,0.0,0.0,5141,60
0,5141,19,0.0,0.0,0.0,,0.0,,0.0,0.0,5141,65
0,5141,14,0.0,0.0,0.0,,0.0,,0.0,0.0,5141,70
0,5141,10,0.0,0.0,0.0,,0.0,,0.0,0.0,5141,75
0,5141,6,0.0,0.0,0.0,,0.0,,0.0,0.0,5141,80
0,5141,4,0.0,0.0,0.0,,0.0,,0.0,0.0,5141,85
0,5141,3,0.0,0.0,0.0,,0.0,,0.0,0.0,5141,90
0,5141,3,0.0,0.0,0.0,,0.0,,0.0,0.0,5141,95
