TP,FP,FN,precision,recall,F1,corr_reads_mapped,L1_f_unique_weighted_reads_mapped,corr_ave_abund,L1_average_abund_reads_mapped_div_gene_len,percent_correct_predictions,total_number_of_predictions,filter_threshold
5284,978,15830,0.8438198658575535,0.25026049066969785,0.38603156049094095,0.3669757086837309,0.5063834474363825,0.27184527240966916,0.4471082982283987,0.8438198658575535,6262,0
799,978,289,0.449634214969049,0.734375,0.5577661431064573,0.4452562451724701,0.4452057326827781,0.29590912365312483,0.33158164187134165,0.449634214969049,1777,5
31,978,13,0.030723488602576808,0.7045454545454546,0.05887939221272555,0.2441953414313301,0.592752745827137,0.3359004892658179,0.3752418562401253,0.030723488602576808,1009,10
4,978,1,0.004073319755600814,0.8,0.008105369807497466,0.006369168362239208,0.1588039867109634,0.9120535879413164,0.35731434834701364,0.004073319755600814,982,15
1,978,0,0.0010214504596527069,1.0,0.0020408163265306124,,0.0,,0.0,0.0010214504596527069,979,20
0,978,0,0.0,0.0,0.0,,0.0,,0.0,0.0,978,25
0,978,0,0.0,0.0,0.0,,0.0,,0.0,0.0,978,30
0,978,0,0.0,0.0,0.0,,0.0,,0.0,0.0,978,35
0,978,0,0.0,0.0,0.0,,0.0,,0.0,0.0,978,40
0,978,0,0.0,0.0,0.0,,0.0,,0.0,0.0,978,45
0,978,0,0.0,0.0,0.0,,0.0,,0.0,0.0,978,50
0,978,0,0.0,0.0,0.0,,0.0,,0.0,0.0,978,55
0,978,0,0.0,0.0,0.0,,0.0,,0.0,0.0,978,60
0,978,0,0.0,0.0,0.0,,0.0,,0.0,0.0,978,65
0,978,0,0.0,0.0,0.0,,0.0,,0.0,0.0,978,70
0,978,0,0.0,0.0,0.0,,0.0,,0.0,0.0,978,75
0,978,0,0.0,0.0,0.0,,0.0,,0.0,0.0,978,80
0,978,0,0.0,0.0,0.0,,0.0,,0.0,0.0,978,85
0,978,0,0.0,0.0,0.0,,0.0,,0.0,0.0,978,90
0,978,0,0.0,0.0,0.0,,0.0,,0.0,0.0,978,95
