TP,FP,FN,precision,recall,F1,corr_reads_mapped,L1_f_unique_weighted_reads_mapped,corr_ave_abund,L1_average_abund_reads_mapped_div_gene_len,percent_correct_predictions,total_number_of_predictions,filter_threshold
10010,2927,23171,0.773749710133725,0.301678671528887,0.43410382063402575,0.4802266186675802,0.5709429389628383,0.4944474999791527,0.5376653209259474,0.773749710133725,12937,0
4553,2927,1981,0.6086898395721925,0.6968166513621059,0.6497787926359355,0.6374195913585359,0.4580451695921844,0.6228162310221801,0.38518012353306413,0.6086898395721925,7480,5
1414,2927,154,0.32573139829532366,0.9017857142857143,0.4785919783381283,0.5901274585408105,0.410775402919612,0.6684468872387285,0.35630494361195286,0.32573139829532366,4341,10
556,2927,15,0.15963250071777205,0.9737302977232924,0.27429699062654167,0.5541906835063556,0.3597285186758715,0.6366896861099204,0.2818257334359694,0.15963250071777205,3483,15
310,2927,1,0.09576768612913192,0.9967845659163987,0.17474633596392333,0.48727003228030397,0.321704362279835,0.5346171552402942,0.21870514744530348,0.09576768612913192,3237,20
180,2927,1,0.057933698101062116,0.994475138121547,0.1094890510948905,0.6204204523283483,0.28178261109700264,0.6974893109220333,0.17802635684522017,0.057933698101062116,3107,25
107,2927,0,0.035266974291364536,1.0,0.06813116841770138,0.547915743552493,0.27461763688552154,0.7436006167953897,0.1578603111214762,0.035266974291364536,3034,30
65,2927,0,0.021724598930481284,1.0,0.042525351651946354,0.49594182405079446,0.2867327274841878,0.6346499939742863,0.1523237371551659,0.021724598930481284,2992,35
46,2927,0,0.015472586612848975,1.0,0.030473666777078506,0.33288851205887676,0.28123880097063503,0.5929778616824599,0.16654525033651219,0.015472586612848975,2973,40
31,2927,0,0.010480054090601758,1.0,0.02074272331883573,0.16638895205403348,0.2761195553283594,0.5555771926487975,0.1848585165563644,0.010480054090601758,2958,45
18,2927,0,0.006112054329371817,1.0,0.012149848126898415,0.12018739010658788,0.30181206844311204,0.5461860081591314,0.20278785083388629,0.006112054329371817,2945,50
10,2927,0,0.0034048348655090228,1.0,0.00678656260604004,-0.10208400249633584,0.3484976637325502,0.6087828955967443,0.1956055197466116,0.0034048348655090228,2937,55
5,2927,0,0.0017053206002728514,1.0,0.0034048348655090228,-0.18479986934881484,0.5816441294168043,0.7631213230649705,0.2556611034663895,0.0017053206002728514,2932,60
4,2927,0,0.001364721937905152,1.0,0.0027257240204429305,-0.5320436391513682,0.5677322500881461,0.9795753305557835,0.28868966297168264,0.001364721937905152,2931,65
1,2927,0,0.00034153005464480874,1.0,0.0006828269033799932,,0.0,,0.0,0.00034153005464480874,2928,70
1,2927,0,0.00034153005464480874,1.0,0.0006828269033799932,,0.0,,0.0,0.00034153005464480874,2928,75
1,2927,0,0.00034153005464480874,1.0,0.0006828269033799932,,0.0,,0.0,0.00034153005464480874,2928,80
0,2927,0,0.0,0.0,0.0,,0.0,,0.0,0.0,2927,85
0,2927,0,0.0,0.0,0.0,,0.0,,0.0,0.0,2927,90
0,2927,0,0.0,0.0,0.0,,0.0,,0.0,0.0,2927,95
