TP,FP,FN,precision,recall,F1,corr_reads_mapped,L1_f_unique_weighted_reads_mapped,corr_ave_abund,L1_average_abund_reads_mapped_div_gene_len,percent_correct_predictions,total_number_of_predictions,filter_threshold
3236,2130,14703,0.603056280283265,0.18038909638218406,0.27770864621325897,0.3475973494952832,0.5071301403835247,0.1673968411158306,0.5018546023256081,0.603056280283265,5366,0
552,2130,613,0.2058165548098434,0.4738197424892704,0.2869768650896803,0.38451346718604784,0.37570160658636936,0.24058322311187036,0.3357410423467031,0.2058165548098434,2682,5
30,2130,229,0.013888888888888888,0.11583011583011583,0.024803637866887142,0.258258569863686,0.3879841734201058,0.40345098384869266,0.32997715523713833,0.013888888888888888,2160,10
3,2130,190,0.0014064697609001407,0.015544041450777202,0.002579535683576956,0.4497149710339229,0.1764809902740937,-0.4709316300671188,0.26157008096230716,0.0014064697609001407,2133,15
1,2130,152,0.0004692632566870014,0.006535947712418301,0.0008756567425569176,,0.0,,0.0,0.0004692632566870014,2131,20
1,2130,126,0.0004692632566870014,0.007874015748031496,0.0008857395925597874,,0.0,,0.0,0.0004692632566870014,2131,25
0,2130,97,0.0,0.0,0.0,,0.0,,0.0,0.0,2130,30
0,2130,70,0.0,0.0,0.0,,0.0,,0.0,0.0,2130,35
0,2130,56,0.0,0.0,0.0,,0.0,,0.0,0.0,2130,40
0,2130,43,0.0,0.0,0.0,,0.0,,0.0,0.0,2130,45
0,2130,37,0.0,0.0,0.0,,0.0,,0.0,0.0,2130,50
0,2130,27,0.0,0.0,0.0,,0.0,,0.0,0.0,2130,55
0,2130,24,0.0,0.0,0.0,,0.0,,0.0,0.0,2130,60
0,2130,19,0.0,0.0,0.0,,0.0,,0.0,0.0,2130,65
0,2130,14,0.0,0.0,0.0,,0.0,,0.0,0.0,2130,70
0,2130,10,0.0,0.0,0.0,,0.0,,0.0,0.0,2130,75
0,2130,6,0.0,0.0,0.0,,0.0,,0.0,0.0,2130,80
0,2130,4,0.0,0.0,0.0,,0.0,,0.0,0.0,2130,85
0,2130,3,0.0,0.0,0.0,,0.0,,0.0,0.0,2130,90
0,2130,3,0.0,0.0,0.0,,0.0,,0.0,0.0,2130,95
