TP,FP,FN,precision,recall,F1,corr_reads_mapped,L1_f_unique_weighted_reads_mapped,corr_ave_abund,L1_average_abund_reads_mapped_div_gene_len,percent_correct_predictions,total_number_of_predictions,filter_threshold
10443,2502,26311,0.806720741599073,0.284132339337215,0.42024990442463633,0.28918781323799847,0.7365677474472897,0.30473776478932085,0.619476220926165,0.806720741599073,12945,0
4231,2502,3113,0.62839744541809,0.5761165577342048,0.601122398238261,0.3485238848821042,0.5640936928699828,0.34012633089154926,0.31060384705778443,0.62839744541809,6733,5
1700,2502,530,0.404569252736792,0.7623318385650224,0.5286069651741294,0.39785601083309224,0.5435055003987357,0.3156545402535121,0.2602993532886184,0.404569252736792,4202,10
527,2502,100,0.173984813469792,0.8405103668261563,0.2882932166301969,0.3021427023643233,0.558028974566712,0.23477339778420084,0.2639362071510363,0.173984813469792,3029,15
172,2502,23,0.0643231114435303,0.882051282051282,0.11990240501917045,0.19182697809497545,0.5599379144829111,0.16080865759706767,0.28364745966966187,0.0643231114435303,2674,20
56,2502,7,0.0218921032056294,0.8888888888888888,0.042731781762686,0.36424902301994666,0.5037558268590306,0.508081524881716,0.2189303975842507,0.0218921032056294,2558,25
25,2502,2,0.009893153937475268,0.9259259259259259,0.01957713390759593,0.363180198069079,0.41165706399340685,0.5967072343087748,0.17147358986912448,0.009893153937475268,2527,30
12,2502,1,0.00477326968973747,0.9230769230769231,0.009497427779976258,0.6397580588331517,0.30047721213698436,0.8979390824417715,0.08400650272925358,0.00477326968973747,2514,35
4,2502,0,0.0015961691939345571,1.0,0.0031872509960159364,0.9490986265162863,0.07364082715120238,0.6880271569308131,0.042046967154822895,0.0015961691939345571,2506,40
4,2502,0,0.0015961691939345571,1.0,0.0031872509960159364,0.9490986265162863,0.07364082715120238,0.6880271569308131,0.042046967154822895,0.0015961691939345571,2506,45
3,2502,0,0.0011976047904191617,1.0,0.0023923444976076554,0.9816713923225223,0.03538556392301931,0.7180045002159022,0.04799859431946757,0.0011976047904191617,2505,50
2,2502,0,0.0007987220447284345,1.0,0.001596169193934557,1.0,0.03775413299222824,0.9999999999999999,0.024275553829258334,0.0007987220447284345,2504,55
2,2502,0,0.0007987220447284345,1.0,0.001596169193934557,1.0,0.03775413299222824,0.9999999999999999,0.024275553829258334,0.0007987220447284345,2504,60
2,2502,0,0.0007987220447284345,1.0,0.001596169193934557,1.0,0.03775413299222824,0.9999999999999999,0.024275553829258334,0.0007987220447284345,2504,65
2,2502,0,0.0007987220447284345,1.0,0.001596169193934557,1.0,0.03775413299222824,0.9999999999999999,0.024275553829258334,0.0007987220447284345,2504,70
1,2502,0,0.00039952057530962844,1.0,0.0007987220447284346,,0.0,,0.0,0.00039952057530962844,2503,75
1,2502,0,0.00039952057530962844,1.0,0.0007987220447284346,,0.0,,0.0,0.00039952057530962844,2503,80
1,2502,0,0.00039952057530962844,1.0,0.0007987220447284346,,0.0,,0.0,0.00039952057530962844,2503,85
0,2502,0,0.0,0.0,0.0,,0.0,,0.0,0.0,2502,90
0,2502,0,0.0,0.0,0.0,,0.0,,0.0,0.0,2502,95
