TP,FP,FN,precision,recall,F1,corr_reads_mapped,L1_f_unique_weighted_reads_mapped,corr_ave_abund,L1_average_abund_reads_mapped_div_gene_len,percent_correct_predictions,total_number_of_predictions,filter_threshold
9776,2939,23037,0.7688556822650413,0.29793069819888457,0.42945000878580214,0.41457122110533023,0.5868745511692683,0.33812306791992464,0.5183540285705476,0.7688556822650413,12715,0
4636,2939,3417,0.612013201320132,0.5756860797218428,0.5932940875351933,0.38853688434926764,0.49715529247827217,0.31105542729611935,0.38708390776726675,0.612013201320132,7575,5
1330,2939,329,0.3115483719840712,0.8016877637130801,0.44871794871794873,0.3241022707892607,0.4378412959560486,0.3456454980642573,0.36221871062033506,0.3115483719840712,4269,10
451,2939,52,0.13303834808259588,0.8966202783300199,0.23169791934240946,0.5977535410346103,0.3245002141123856,0.5923300109403499,0.26959842193826555,0.13303834808259588,3390,15
186,2939,15,0.05952,0.9253731343283582,0.11184606133493687,0.6568948977445987,0.24812666301612074,0.6230468834482547,0.1937963535461832,0.05952,3125,20
102,2939,4,0.033541598158500496,0.9622641509433962,0.06482364156339371,0.6937595997440636,0.20709895020066857,0.7144638404752509,0.1683771579290906,0.033541598158500496,3041,25
54,2939,2,0.01804209822920147,0.9642857142857143,0.03542144965562479,0.636900556839499,0.20736567938020956,0.6683406931553523,0.17627252867324245,0.01804209822920147,2993,30
34,2939,1,0.011436259670366633,0.9714285714285714,0.022606382978723402,0.5431335404686936,0.19640080943525834,0.8157852066552916,0.16035406613991554,0.011436259670366633,2973,35
24,2939,1,0.00809989875126561,0.96,0.016064257028112452,0.159348981304555,0.1854447439352777,0.8717581309262561,0.17315831851174035,0.00809989875126561,2963,40
14,2939,0,0.004740941415509651,1.0,0.009437141894169193,0.27745599986652686,0.13594915722575296,0.9502679581749519,0.17332187389921802,0.004740941415509651,2953,45
5,2939,0,0.0016983695652173913,1.0,0.00339097999321804,0.7033476864109297,0.09302078632297117,0.9954237030773845,0.1899556058366459,0.0016983695652173913,2944,50
2,2939,0,0.0006800408024481469,1.0,0.0013591573224600749,1.0,0.09490022172949009,1.0,0.2978229092459572,0.0006800408024481469,2941,55
2,2939,0,0.0006800408024481469,1.0,0.0013591573224600749,1.0,0.09490022172949009,1.0,0.2978229092459572,0.0006800408024481469,2941,60
0,2939,0,0.0,0.0,0.0,,0.0,,0.0,0.0,2939,65
0,2939,0,0.0,0.0,0.0,,0.0,,0.0,0.0,2939,70
0,2939,0,0.0,0.0,0.0,,0.0,,0.0,0.0,2939,75
0,2939,0,0.0,0.0,0.0,,0.0,,0.0,0.0,2939,80
0,2939,0,0.0,0.0,0.0,,0.0,,0.0,0.0,2939,85
0,2939,0,0.0,0.0,0.0,,0.0,,0.0,0.0,2939,90
0,2939,0,0.0,0.0,0.0,,0.0,,0.0,0.0,2939,95
