TP,FP,FN,precision,recall,F1,corr_reads_mapped,L1_f_unique_weighted_reads_mapped,corr_ave_abund,L1_average_abund_reads_mapped_div_gene_len,percent_correct_predictions,total_number_of_predictions,filter_threshold
5031,1276,16685,0.7976851117805612,0.23167249953951005,0.35906219890803986,0.32320269814421776,0.6445740833408973,0.22232546298229056,0.5475127475991298,0.7976851117805612,6307,0
798,1276,241,0.38476374156219867,0.7680461982675649,0.5126887247028591,0.44577135884844366,0.47692624628927427,0.33234785516957793,0.3091266137120664,0.38476374156219867,2074,5
78,1276,4,0.05760709010339734,0.9512195121951219,0.10863509749303621,0.2775625458341891,0.46955515239000667,0.33519939776958985,0.26338141401297965,0.05760709010339734,1354,10
11,1276,1,0.008547008547008548,0.9166666666666666,0.01693610469591994,-0.0957241058128141,0.3343232017389492,0.8433885106717957,0.19669440317044112,0.008547008547008548,1287,15
2,1276,0,0.001564945226917058,1.0,0.003125,,0.0980392156862745,1.0,0.19810051082249974,0.001564945226917058,1278,20
0,1276,0,0.0,0.0,0.0,,0.0,,0.0,0.0,1276,25
0,1276,0,0.0,0.0,0.0,,0.0,,0.0,0.0,1276,30
0,1276,0,0.0,0.0,0.0,,0.0,,0.0,0.0,1276,35
0,1276,0,0.0,0.0,0.0,,0.0,,0.0,0.0,1276,40
0,1276,0,0.0,0.0,0.0,,0.0,,0.0,0.0,1276,45
0,1276,0,0.0,0.0,0.0,,0.0,,0.0,0.0,1276,50
0,1276,0,0.0,0.0,0.0,,0.0,,0.0,0.0,1276,55
0,1276,0,0.0,0.0,0.0,,0.0,,0.0,0.0,1276,60
0,1276,0,0.0,0.0,0.0,,0.0,,0.0,0.0,1276,65
0,1276,0,0.0,0.0,0.0,,0.0,,0.0,0.0,1276,70
0,1276,0,0.0,0.0,0.0,,0.0,,0.0,0.0,1276,75
0,1276,0,0.0,0.0,0.0,,0.0,,0.0,0.0,1276,80
0,1276,0,0.0,0.0,0.0,,0.0,,0.0,0.0,1276,85
0,1276,0,0.0,0.0,0.0,,0.0,,0.0,0.0,1276,90
0,1276,0,0.0,0.0,0.0,,0.0,,0.0,0.0,1276,95
