TP,FP,FN,precision,recall,F1,corr_reads_mapped,L1_f_unique_weighted_reads_mapped,corr_ave_abund,L1_average_abund_reads_mapped_div_gene_len,percent_correct_predictions,total_number_of_predictions,filter_threshold
10143,1308,28089,0.8857741681949175,0.26530131826742,0.4083086770122577,0.3819516764605269,0.6736295269326594,0.3161844560748374,0.596094529650262,0.8857741681949175,11451,0
4145,1308,2532,0.7601320374105996,0.6207877789426389,0.683429513602638,0.35305962383419076,0.577122749793205,0.2679519251895795,0.43142556418020517,0.7601320374105996,5453,5
1489,1308,228,0.5323560958169468,0.8672102504368084,0.6597252990695615,0.3391040005582297,0.4779539843051547,0.22872448707094167,0.2812715913129106,0.5323560958169468,2797,10
594,1308,37,0.31230283911671924,0.9413629160063391,0.469009080142124,0.28772518127266544,0.4519987869349158,0.1862541582275719,0.25721304584901883,0.31230283911671924,1902,15
227,1308,10,0.14788273615635178,0.9578059071729957,0.25620767494356655,0.30686410921354584,0.4446673006958407,0.21271755324937863,0.268954954637065,0.14788273615635178,1535,20
95,1308,4,0.06771204561653599,0.9595959595959596,0.12649800266311584,0.3380842596528125,0.4089584280570846,0.10924612917615445,0.2739922611784938,0.06771204561653599,1403,25
40,1308,2,0.02967359050445104,0.9523809523809523,0.05755395683453238,0.31902087746554,0.4432196969696714,0.07035595522565435,0.35744095778369833,0.02967359050445104,1348,30
19,1308,1,0.014318010550113038,0.95,0.028210838901262063,0.7693968116608907,0.38373771584029576,0.6344023549831588,0.12627755333749174,0.014318010550113038,1327,35
10,1308,0,0.007587253414264037,1.0,0.015060240963855422,0.8373988487725019,0.30482233585891205,0.42650178891660795,0.13988649615233312,0.007587253414264037,1318,40
6,1308,0,0.0045662100456621,1.0,0.00909090909090909,0.7767497861037549,0.2634925207299795,0.6792500850874659,0.11926139391992861,0.0045662100456621,1314,45
4,1308,0,0.003048780487804878,1.0,0.006079027355623101,0.6383569825139195,0.17805013639483866,0.9169551366712165,0.10223317442419536,0.003048780487804878,1312,50
2,1308,0,0.0015267175572519084,1.0,0.0030487804878048777,1.0,0.010398363654551601,0.9999999999999999,0.008958889707687157,0.0015267175572519084,1310,55
2,1308,0,0.0015267175572519084,1.0,0.0030487804878048777,1.0,0.010398363654551601,0.9999999999999999,0.008958889707687157,0.0015267175572519084,1310,60
2,1308,0,0.0015267175572519084,1.0,0.0030487804878048777,1.0,0.010398363654551601,0.9999999999999999,0.008958889707687157,0.0015267175572519084,1310,65
2,1308,0,0.0015267175572519084,1.0,0.0030487804878048777,1.0,0.010398363654551601,0.9999999999999999,0.008958889707687157,0.0015267175572519084,1310,70
2,1308,0,0.0015267175572519084,1.0,0.0030487804878048777,1.0,0.010398363654551601,0.9999999999999999,0.008958889707687157,0.0015267175572519084,1310,75
2,1308,0,0.0015267175572519084,1.0,0.0030487804878048777,1.0,0.010398363654551601,0.9999999999999999,0.008958889707687157,0.0015267175572519084,1310,80
1,1308,0,0.0007639419404125286,1.0,0.0015267175572519082,,0.0,,0.0,0.0007639419404125286,1309,85
1,1308,0,0.0007639419404125286,1.0,0.0015267175572519082,,0.0,,0.0,0.0007639419404125286,1309,90
0,1308,0,0.0,0.0,0.0,,0.0,,0.0,0.0,1308,95
