TP,FP,FN,precision,recall,F1,corr_reads_mapped,L1_f_unique_weighted_reads_mapped,corr_ave_abund,L1_average_abund_reads_mapped_div_gene_len,percent_correct_predictions,total_number_of_predictions,filter_threshold
7867,2082,22299,0.7907327369584883,0.26079029370814827,0.3922223607129503,0.3698690400807511,0.6295089427150113,0.23832820143153205,0.5019773416534381,0.7907327369584883,9949,0
4652,2082,4670,0.6908226908226909,0.4990345419437889,0.5794718485301444,0.4572168605819384,0.4979574970224862,0.2620674540022142,0.3057587137845549,0.6908226908226909,6734,5
1790,2082,793,0.46229338842975204,0.6929926442121565,0.5546088303640588,0.35878329876958953,0.5004805316902622,0.21571879207619316,0.277899653143469,0.46229338842975204,3872,10
542,2082,151,0.20655487804878048,0.7821067821067821,0.3268013264998492,0.2519133530152318,0.5179701387949669,0.13021883918548535,0.2713030594548257,0.20655487804878048,2624,15
172,2082,37,0.07630878438331855,0.8229665071770335,0.13966707267559886,0.3618468882856224,0.4968638459166629,0.18895367033114405,0.25237707844624513,0.07630878438331855,2254,20
56,2082,14,0.026192703461178673,0.8,0.050724637681159424,0.2772220022448762,0.46992829962838234,0.11211456177747904,0.2657003002673657,0.026192703461178673,2138,25
25,2082,6,0.011865211200759373,0.8064516129032258,0.023386342376052388,0.40312865382467633,0.4619858515355401,0.29966716053511333,0.20966558366928606,0.011865211200759373,2107,30
7,2082,5,0.003350885591191958,0.5833333333333334,0.0066634935744883375,0.6911341994974125,0.553151282870187,0.48940015124664654,0.19323583243568435,0.003350885591191958,2089,35
2,2082,1,0.0009596928982725527,0.6666666666666666,0.0019166267369429802,1.0,0.27388547535376456,1.0,0.06799319491789074,0.0009596928982725527,2084,40
1,2082,1,0.00048007681228996637,0.5,0.0009592326139088728,,0.0,,0.0,0.00048007681228996637,2083,45
1,2082,0,0.00048007681228996637,1.0,0.0009596928982725527,,0.0,,0.0,0.00048007681228996637,2083,50
1,2082,0,0.00048007681228996637,1.0,0.0009596928982725527,,0.0,,0.0,0.00048007681228996637,2083,55
1,2082,0,0.00048007681228996637,1.0,0.0009596928982725527,,0.0,,0.0,0.00048007681228996637,2083,60
1,2082,0,0.00048007681228996637,1.0,0.0009596928982725527,,0.0,,0.0,0.00048007681228996637,2083,65
1,2082,0,0.00048007681228996637,1.0,0.0009596928982725527,,0.0,,0.0,0.00048007681228996637,2083,70
1,2082,0,0.00048007681228996637,1.0,0.0009596928982725527,,0.0,,0.0,0.00048007681228996637,2083,75
1,2082,0,0.00048007681228996637,1.0,0.0009596928982725527,,0.0,,0.0,0.00048007681228996637,2083,80
0,2082,0,0.0,0.0,0.0,,0.0,,0.0,0.0,2082,85
0,2082,0,0.0,0.0,0.0,,0.0,,0.0,0.0,2082,90
0,2082,0,0.0,0.0,0.0,,0.0,,0.0,0.0,2082,95
