TP,FP,FN,precision,recall,F1,corr_reads_mapped,L1_f_unique_weighted_reads_mapped,corr_ave_abund,L1_average_abund_reads_mapped_div_gene_len,percent_correct_predictions,total_number_of_predictions,filter_threshold
9205,3220,25370,0.7408450704225352,0.26623282718727403,0.3917021276595744,0.4499300012551954,0.5892168562508258,0.4378258986173604,0.6044608501148644,0.7408450704225352,12425,0
3291,3220,2304,0.505452311472892,0.5882037533512064,0.5436973401619033,0.4374598257432338,0.44444503272323477,0.4090692933973115,0.39075158026516255,0.505452311472892,6511,5
1114,3220,419,0.25703737886479006,0.7266797129810828,0.3797511505028124,0.3735316108854377,0.389389503410086,0.3827244942516739,0.3010235373038158,0.25703737886479006,4334,10
496,3220,201,0.13347685683530677,0.7116212338593975,0.22479039202356674,0.3857647563584667,0.3427908397073306,0.3255606279313114,0.2580496797166011,0.13347685683530677,3716,15
242,3220,149,0.06990179087232813,0.618925831202046,0.12561640280301065,0.5066058712374717,0.3037726211218371,0.4003571418894495,0.2282480954094547,0.06990179087232813,3462,20
120,3220,116,0.03592814371257485,0.5084745762711864,0.06711409395973156,0.3895667415471682,0.3076736596232435,0.3353441617659321,0.21986411095904612,0.03592814371257485,3340,25
63,3220,95,0.019189765458422176,0.3987341772151899,0.03661726242371404,0.3270988556802225,0.29841494308551975,0.3180515255556706,0.21040705884969033,0.019189765458422176,3283,30
38,3220,77,0.011663597298956415,0.33043478260869563,0.022531870738215234,0.2446017093091507,0.33735202260553,0.2837212277129902,0.2434195251905605,0.011663597298956415,3258,35
18,3220,57,0.005558987029030266,0.24,0.010866284334440085,0.6550257658053272,0.2486111111110293,0.5989909531026897,0.14703664420897603,0.005558987029030266,3238,40
9,3220,45,0.002787240631774543,0.16666666666666666,0.005482790130977765,0.4751893528721747,0.25286290077552015,0.5179104884405599,0.20690142368617914,0.002787240631774543,3229,45
6,3220,37,0.0018598884066955983,0.13953488372093023,0.0036708473539308656,0.30525309772464315,0.24816044449941643,0.44365056238450995,0.2749360147734041,0.0018598884066955983,3226,50
3,3220,32,0.000930809804529941,0.08571428571428572,0.0018416206261510127,-0.21441069346608968,0.3499999999996496,0.6439058088080101,0.30688275943674637,0.000930809804529941,3223,55
1,3220,25,0.0003104625892579944,0.038461538461538464,0.0006159531875577456,,0.0,,0.0,0.0003104625892579944,3221,60
1,3220,16,0.0003104625892579944,0.058823529411764705,0.0006176652254478072,,0.0,,0.0,0.0003104625892579944,3221,65
1,3220,13,0.0003104625892579944,0.07142857142857142,0.0006182380216383307,,0.0,,0.0,0.0003104625892579944,3221,70
1,3220,8,0.0003104625892579944,0.1111111111111111,0.0006191950464396284,,0.0,,0.0,0.0003104625892579944,3221,75
0,3220,4,0.0,0.0,0.0,,0.0,,0.0,0.0,3220,80
0,3220,4,0.0,0.0,0.0,,0.0,,0.0,0.0,3220,85
0,3220,4,0.0,0.0,0.0,,0.0,,0.0,0.0,3220,90
0,3220,2,0.0,0.0,0.0,,0.0,,0.0,0.0,3220,95
