TP,FP,FN,precision,recall,F1,corr_reads_mapped,L1_f_unique_weighted_reads_mapped,corr_ave_abund,L1_average_abund_reads_mapped_div_gene_len,percent_correct_predictions,total_number_of_predictions,filter_threshold
10137,2813,23044,0.7827799227799228,0.3055061631656671,0.4394875463354361,0.5950671878894699,0.4735389967831386,0.5257883756700626,0.5318069561779802,0.7827799227799228,12950,0
4724,2813,1810,0.6267745787448586,0.7229874502601775,0.6714519223935753,0.6458089196336946,0.3743618292261631,0.5724141112189209,0.38562088032677183,0.6267745787448586,7537,5
1438,2813,130,0.33827334744765936,0.9170918367346939,0.4942429970785358,0.6181343031925157,0.33262351093783343,0.631357908055271,0.3636238671164216,0.33827334744765936,4251,10
555,2813,16,0.16478622327790973,0.9719789842381786,0.2817974105102818,0.7543280908407517,0.27123776039002956,0.7780896562983262,0.280257901149292,0.16478622327790973,3368,15
310,2813,1,0.09926352865834134,0.9967845659163987,0.18054746651135703,0.8277688742048345,0.22455525412377333,0.7793416870586811,0.20240220307918586,0.09926352865834134,3123,20
180,2813,1,0.06014032743067157,0.994475138121547,0.11342155009451796,0.8322019543391843,0.20998805078655386,0.7529469758796243,0.17490023283983216,0.06014032743067157,2993,25
107,2813,0,0.03664383561643836,1.0,0.07069705979517674,0.8295331860717772,0.20491373870751178,0.8164706167659668,0.14920270106945444,0.03664383561643836,2920,30
65,2813,0,0.022585128561501043,1.0,0.04417261297995243,0.8140160305441839,0.19846248597523852,0.7996696613302904,0.12584331669852533,0.022585128561501043,2878,35
46,2813,0,0.01608954179783141,1.0,0.03166953528399311,0.7796003865959378,0.19974510435898238,0.7857518121381885,0.13353975449670097,0.01608954179783141,2859,40
31,2813,0,0.01090014064697609,1.0,0.021565217391304344,0.8111159155432306,0.2065450151880038,0.7909075297442085,0.13394116316896224,0.01090014064697609,2844,45
18,2813,0,0.006358177322500883,1.0,0.012636012636012635,0.8043018121904072,0.23875705107784448,0.7327939270284229,0.14646627889752956,0.006358177322500883,2831,50
10,2813,0,0.003542330853701736,1.0,0.0070596540769502295,0.7550701318749415,0.2608538381877868,0.3935528094752729,0.17169078510612978,0.003542330853701736,2823,55
5,2813,0,0.0017743080198722497,1.0,0.003542330853701736,0.6617078683579558,0.2133798538420876,0.3182508282777606,0.15363085735240592,0.0017743080198722497,2818,60
4,2813,0,0.0014199503017394391,1.0,0.002835873803615739,0.7295042694236946,0.25179009700407035,0.31345538324203603,0.1506799326572306,0.0014199503017394391,2817,65
1,2813,0,0.00035536602700781805,1.0,0.0007104795737122557,,0.0,,0.0,0.00035536602700781805,2814,70
1,2813,0,0.00035536602700781805,1.0,0.0007104795737122557,,0.0,,0.0,0.00035536602700781805,2814,75
1,2813,0,0.00035536602700781805,1.0,0.0007104795737122557,,0.0,,0.0,0.00035536602700781805,2814,80
0,2813,0,0.0,0.0,0.0,,0.0,,0.0,0.0,2813,85
0,2813,0,0.0,0.0,0.0,,0.0,,0.0,0.0,2813,90
0,2813,0,0.0,0.0,0.0,,0.0,,0.0,0.0,2813,95
