TP,FP,FN,precision,recall,F1,corr_reads_mapped,L1_f_unique_weighted_reads_mapped,corr_ave_abund,L1_average_abund_reads_mapped_div_gene_len,percent_correct_predictions,total_number_of_predictions,filter_threshold
2861,239,238,0.9229032258064516,0.9232010325911585,0.9230521051782546,0.988147777821346,0.1923462876103056,0.9988361835411944,0.13909201671379795,0.9229032258064516,3100,0
2704,239,118,0.9187903499830106,0.9581856839121191,0.9380745880312229,0.9881424887365506,0.1915331804569389,0.9988377554214617,0.135375588941486,0.9187903499830106,2943,5
2322,239,40,0.9066770792659118,0.983065198983912,0.9433272394881171,0.9881375173431645,0.189307104941705,0.9988400723603778,0.12784768479479344,0.9066770792659118,2561,10
1830,239,20,0.8844852585790237,0.9891891891891892,0.9339117121714723,0.9882079797746312,0.1848354075443931,0.9988429819051388,0.12114143141584086,0.8844852585790237,2069,15
1382,239,16,0.8525601480567551,0.9885550786838341,0.9155349453461411,0.9882065439344678,0.18312308333502714,0.9988441638937609,0.11764270698196368,0.8525601480567551,1621,20
988,239,14,0.8052159739201304,0.9860279441117764,0.8864961866307761,0.9976423964450355,0.15620745781203993,0.9991583757209468,0.10800211640957974,0.8052159739201304,1227,25
685,239,13,0.7413419913419913,0.9813753581661891,0.8446362515413071,0.9976918571747527,0.15158254967902243,0.9991626370858278,0.10700591074485585,0.7413419913419913,924,30
502,239,11,0.6774628879892037,0.9785575048732943,0.8006379585326954,0.9977005911342519,0.14859198410871965,0.9991667553100625,0.10629566248218622,0.6774628879892037,741,35
410,239,7,0.6317411402157165,0.9832134292565947,0.7692307692307693,0.9977021908727154,0.14673674993140118,0.9991697161045064,0.10622304217719183,0.6317411402157165,649,40
345,239,5,0.5907534246575342,0.9857142857142858,0.7387580299785866,0.9976999213563682,0.14546892665851632,0.9991728324614005,0.1065278523383657,0.5907534246575342,584,45
282,239,5,0.5412667946257198,0.9825783972125436,0.6980198019801981,0.9977188134354084,0.14126546920292302,0.9991772790196398,0.10545770830723311,0.5412667946257198,521,50
255,239,2,0.5161943319838057,0.9922178988326849,0.6790945406125167,0.9977204103939206,0.13851900325328698,0.9991795252167802,0.10515118300417123,0.5161943319838057,494,55
229,239,2,0.4893162393162393,0.9913419913419913,0.6552217453505007,0.9977172014873358,0.13704464219878923,0.999182345524635,0.10482338330118768,0.4893162393162393,468,60
203,239,2,0.4592760180995475,0.9902439024390244,0.6275115919629057,0.997718975322239,0.13499673140732013,0.9991844858127905,0.10360687948214821,0.4592760180995475,442,65
186,239,2,0.4376470588235294,0.9893617021276596,0.6068515497553018,0.9977170157599927,0.1341013688457957,0.9991867016286897,0.10345528880581636,0.4376470588235294,425,70
165,239,2,0.4084158415841584,0.9880239520958084,0.5779334500875657,0.9977116081082853,0.13284521712042555,0.9991903317508263,0.10386122838862372,0.4084158415841584,404,75
158,239,1,0.3979848866498741,0.9937106918238994,0.5683453237410072,0.9977097651096293,0.1329719772028096,0.9991915923691225,0.10395078509277833,0.3979848866498741,397,80
143,239,1,0.3743455497382199,0.9930555555555556,0.5437262357414447,0.9977145171100207,0.13040523250167393,0.9991946710028778,0.10283138067009374,0.3743455497382199,382,85
135,239,1,0.3609625668449198,0.9926470588235294,0.5294117647058825,0.9977135763628253,0.12982124174005433,0.9991962485948618,0.10289294054809142,0.3609625668449198,374,90
125,239,1,0.3434065934065934,0.9920634920634921,0.5102040816326531,0.9977180746753048,0.1287237241625676,0.999198382458039,0.100079966717633,0.3434065934065934,364,95
