TP,FP,FN,precision,recall,F1,corr_reads_mapped,L1_f_unique_weighted_reads_mapped,corr_ave_abund,L1_average_abund_reads_mapped_div_gene_len,percent_correct_predictions,total_number_of_predictions,filter_threshold
2849,4506,21750,0.3873555404486744,0.11581771616732388,0.1783188333229017,0.30456427610318887,0.964299212106142,-0.11826931837602223,0.6597053984268155,0.3873555404486744,7355,0
121,4506,283,0.02615085368489302,0.2995049504950495,0.04810176903200159,0.5182648107143477,1.0209566479689949,-0.3359765261099561,0.6325397738410071,0.02615085368489302,4627,5
6,4506,3,0.0013297872340425532,0.6666666666666666,0.0026542800265428003,0.5768836439793653,0.4904572819265015,-0.6038611985415372,0.4769497595010447,0.0013297872340425532,4512,10
1,4506,1,0.00022187708009762592,0.5,0.0004435573297848748,,0.0,,0.0,0.00022187708009762592,4507,15
0,4506,0,0.0,0.0,0.0,,0.0,,0.0,0.0,4506,20
0,4506,0,0.0,0.0,0.0,,0.0,,0.0,0.0,4506,25
0,4506,0,0.0,0.0,0.0,,0.0,,0.0,0.0,4506,30
0,4506,0,0.0,0.0,0.0,,0.0,,0.0,0.0,4506,35
0,4506,0,0.0,0.0,0.0,,0.0,,0.0,0.0,4506,40
0,4506,0,0.0,0.0,0.0,,0.0,,0.0,0.0,4506,45
0,4506,0,0.0,0.0,0.0,,0.0,,0.0,0.0,4506,50
0,4506,0,0.0,0.0,0.0,,0.0,,0.0,0.0,4506,55
0,4506,0,0.0,0.0,0.0,,0.0,,0.0,0.0,4506,60
0,4506,0,0.0,0.0,0.0,,0.0,,0.0,0.0,4506,65
0,4506,0,0.0,0.0,0.0,,0.0,,0.0,0.0,4506,70
0,4506,0,0.0,0.0,0.0,,0.0,,0.0,0.0,4506,75
0,4506,0,0.0,0.0,0.0,,0.0,,0.0,0.0,4506,80
0,4506,0,0.0,0.0,0.0,,0.0,,0.0,0.0,4506,85
0,4506,0,0.0,0.0,0.0,,0.0,,0.0,0.0,4506,90
0,4506,0,0.0,0.0,0.0,,0.0,,0.0,0.0,4506,95
