TP,FP,FN,precision,recall,F1,corr_reads_mapped,L1_f_unique_weighted_reads_mapped,corr_ave_abund,L1_average_abund_reads_mapped_div_gene_len,percent_correct_predictions,total_number_of_predictions,filter_threshold
2725,4701,16303,0.36695394559655264,0.1432100063064957,0.20601799349814776,0.18450244511131364,1.0120957801477568,-0.04170319022603048,0.7450975969818782,0.36695394559655264,7426,0
385,4701,631,0.0756979944946913,0.37893700787401574,0.12618813503769258,0.22865559088024082,0.9469387008724144,-0.1862365466117684,0.5370668920194217,0.0756979944946913,5086,5
77,4701,118,0.016115529510255338,0.39487179487179486,0.0309672230042228,0.6096084837131795,0.829916201190166,-0.1693123147655943,0.4856280048852712,0.016115529510255338,4778,10
14,4701,53,0.0029692470837751855,0.208955223880597,0.005855290673358427,0.770091696890798,0.761819968970017,-0.8126359143761028,0.48855033290334315,0.0029692470837751855,4715,15
2,4701,24,0.00042526047203912394,0.07692307692307693,0.0008458447874814971,1.0,0.8088095238095223,-1.0,1.0318120850822439,0.00042526047203912394,4703,20
1,4701,10,0.0002126754572522331,0.09090909090909091,0.0004243581582855931,,0.0,,0.0,0.0002126754572522331,4702,25
0,4701,7,0.0,0.0,0.0,,0.0,,0.0,0.0,4701,30
0,4701,1,0.0,0.0,0.0,,0.0,,0.0,0.0,4701,35
0,4701,0,0.0,0.0,0.0,,0.0,,0.0,0.0,4701,40
0,4701,0,0.0,0.0,0.0,,0.0,,0.0,0.0,4701,45
0,4701,0,0.0,0.0,0.0,,0.0,,0.0,0.0,4701,50
0,4701,0,0.0,0.0,0.0,,0.0,,0.0,0.0,4701,55
0,4701,0,0.0,0.0,0.0,,0.0,,0.0,0.0,4701,60
0,4701,0,0.0,0.0,0.0,,0.0,,0.0,0.0,4701,65
0,4701,0,0.0,0.0,0.0,,0.0,,0.0,0.0,4701,70
0,4701,0,0.0,0.0,0.0,,0.0,,0.0,0.0,4701,75
0,4701,0,0.0,0.0,0.0,,0.0,,0.0,0.0,4701,80
0,4701,0,0.0,0.0,0.0,,0.0,,0.0,0.0,4701,85
0,4701,0,0.0,0.0,0.0,,0.0,,0.0,0.0,4701,90
0,4701,0,0.0,0.0,0.0,,0.0,,0.0,0.0,4701,95
