TP,FP,FN,precision,recall,F1,corr_reads_mapped,L1_f_unique_weighted_reads_mapped,corr_ave_abund,L1_average_abund_reads_mapped_div_gene_len,percent_correct_predictions,total_number_of_predictions,filter_threshold
9893,3253,25519,0.7525483036665145,0.27936857562408224,0.40747147740846,0.39638908372257914,0.6311688689835971,0.3226563674567044,0.5277565053627485,0.7525483036665145,13146,0
4205,3253,3079,0.5638240815231965,0.5772926963207029,0.5704789038122372,0.42407394002696536,0.4952487199342339,0.4090569408255096,0.3811259761933792,0.5638240815231965,7458,5
1087,3253,311,0.25046082949308757,0.7775393419170243,0.3788776577204601,0.3380724372537941,0.43837237682601404,0.3402637595882775,0.34501113348328394,0.25046082949308757,4340,10
395,3253,51,0.10827850877192982,0.8856502242152466,0.19296531509526135,0.5358794259276632,0.3628905888039815,0.4479985413095107,0.272982278184318,0.10827850877192982,3648,15
183,3253,9,0.05325960419091967,0.953125,0.10088202866593163,0.48254388082731564,0.3557121296908625,0.4138179699181662,0.23913144682349727,0.05325960419091967,3436,20
88,3253,3,0.026339419335528285,0.967032967032967,0.05128205128205128,0.4310076043022338,0.3586304750143874,0.39199392828595897,0.24453836478170324,0.026339419335528285,3341,25
48,3253,2,0.014541048167222055,0.96,0.028648164726947183,0.33361994592299915,0.4013174822568284,0.25809394983746325,0.2885784452246943,0.014541048167222055,3301,30
32,3253,1,0.009741248097412482,0.9696969696969697,0.019288728149487643,0.7257086249759016,0.34065458328002535,0.6872132982849666,0.2195680186110522,0.009741248097412482,3285,35
22,3253,1,0.006717557251908397,0.9565217391304348,0.013341419041843541,0.7447709552267616,0.3594111989311669,0.614017937260774,0.21631314748469402,0.006717557251908397,3275,40
8,3253,0,0.0024532352039251764,1.0,0.004894463138574488,0.7489508766104591,0.4152528723287544,0.48755028971812353,0.2845250572079888,0.0024532352039251764,3261,45
4,3253,0,0.0012281240405280934,1.0,0.0024532352039251764,0.8667532727908747,0.44191429801869997,-0.8420959087767077,0.34579002016235183,0.0012281240405280934,3257,50
2,3253,0,0.0006144393241167435,1.0,0.0012281240405280934,-0.9999999999999999,0.11214335305985684,-0.9999999999999999,0.04516198110268632,0.0006144393241167435,3255,55
1,3253,0,0.00030731407498463427,1.0,0.0006144393241167434,,0.0,,0.0,0.00030731407498463427,3254,60
0,3253,0,0.0,0.0,0.0,,0.0,,0.0,0.0,3253,65
0,3253,0,0.0,0.0,0.0,,0.0,,0.0,0.0,3253,70
0,3253,0,0.0,0.0,0.0,,0.0,,0.0,0.0,3253,75
0,3253,0,0.0,0.0,0.0,,0.0,,0.0,0.0,3253,80
0,3253,0,0.0,0.0,0.0,,0.0,,0.0,0.0,3253,85
0,3253,0,0.0,0.0,0.0,,0.0,,0.0,0.0,3253,90
0,3253,0,0.0,0.0,0.0,,0.0,,0.0,0.0,3253,95
