TP,FP,FN,precision,recall,F1,corr_reads_mapped,L1_f_unique_weighted_reads_mapped,corr_ave_abund,L1_average_abund_reads_mapped_div_gene_len,percent_correct_predictions,total_number_of_predictions,filter_threshold
10504,1416,27728,0.8812080536912752,0.27474367022389623,0.418886584782262,0.38684836854509985,0.6955374517847638,0.32481534142096247,0.5953853908619634,0.8812080536912752,11920,0
4062,1416,2615,0.7415115005476451,0.6083570465778044,0.6683669271904565,0.3613096297032927,0.6057852013594867,0.2793000665631541,0.42782081737523775,0.7415115005476451,5478,5
1465,1416,252,0.5085039916695592,0.8532323820617356,0.6372335798173118,0.3471859925155146,0.5078223660282672,0.23947031724011497,0.2828929727167587,0.5085039916695592,2881,10
594,1416,37,0.2955223880597015,0.9413629160063391,0.44982960999621363,0.28019229584261396,0.5003065547602088,0.19685529072180363,0.2663124290731378,0.2955223880597015,2010,15
226,1416,11,0.13763702801461633,0.9535864978902954,0.2405534858967536,0.2947252811002835,0.4840792939776773,0.23910614842577269,0.2807158035435464,0.13763702801461633,1642,20
95,1416,4,0.0628722700198544,0.9595959595959596,0.11801242236024846,0.40180537339763134,0.4637114261813925,0.18725512738424763,0.2733831957664133,0.0628722700198544,1511,25
40,1416,2,0.027472527472527472,0.9523809523809523,0.05340453938584779,0.4922142376941704,0.47081542132006515,0.08995438874568398,0.3464137809132021,0.027472527472527472,1456,30
19,1416,1,0.0132404181184669,0.95,0.02611683848797251,0.6202994671732814,0.45206368157989013,0.5358652856566155,0.1491000587716976,0.0132404181184669,1435,35
10,1416,0,0.0070126227208976155,1.0,0.01392757660167131,0.4799371442575065,0.37956970147298913,0.6242804593005697,0.16171496686795075,0.0070126227208976155,1426,40
6,1416,0,0.004219409282700422,1.0,0.008403361344537815,0.6646582788590577,0.2815927816328265,0.7146771997091019,0.1193319941075334,0.004219409282700422,1422,45
4,1416,0,0.0028169014084507044,1.0,0.005617977528089888,0.37933518486776285,0.22730363213450464,0.9124651812977207,0.12890757125332417,0.0028169014084507044,1420,50
2,1416,0,0.0014104372355430183,1.0,0.0028169014084507044,1.0,0.08951866846593798,0.9999999999999999,0.021782819895707628,0.0014104372355430183,1418,55
2,1416,0,0.0014104372355430183,1.0,0.0028169014084507044,1.0,0.08951866846593798,0.9999999999999999,0.021782819895707628,0.0014104372355430183,1418,60
2,1416,0,0.0014104372355430183,1.0,0.0028169014084507044,1.0,0.08951866846593798,0.9999999999999999,0.021782819895707628,0.0014104372355430183,1418,65
2,1416,0,0.0014104372355430183,1.0,0.0028169014084507044,1.0,0.08951866846593798,0.9999999999999999,0.021782819895707628,0.0014104372355430183,1418,70
2,1416,0,0.0014104372355430183,1.0,0.0028169014084507044,1.0,0.08951866846593798,0.9999999999999999,0.021782819895707628,0.0014104372355430183,1418,75
2,1416,0,0.0014104372355430183,1.0,0.0028169014084507044,1.0,0.08951866846593798,0.9999999999999999,0.021782819895707628,0.0014104372355430183,1418,80
1,1416,0,0.0007057163020465773,1.0,0.0014104372355430185,,0.0,,0.0,0.0007057163020465773,1417,85
1,1416,0,0.0007057163020465773,1.0,0.0014104372355430185,,0.0,,0.0,0.0007057163020465773,1417,90
0,1416,0,0.0,0.0,0.0,,0.0,,0.0,0.0,1416,95
