TP,FP,FN,precision,recall,F1,corr_reads_mapped,L1_f_unique_weighted_reads_mapped,corr_ave_abund,L1_average_abund_reads_mapped_div_gene_len,percent_correct_predictions,total_number_of_predictions,filter_threshold
4771,3656,29247,0.5661564020410585,0.14024927979305074,0.2248085758039816,0.22107915948698362,0.9975020763011763,-0.00031252727311129123,0.8042796006157684,0.5661564020410585,8427,0
1826,3656,5172,0.3330901130974097,0.2609316947699343,0.29262820512820514,0.23423898304953275,0.9312363617131513,-0.04552968243427388,0.6753664191497734,0.3330901130974097,5482,5
619,3656,803,0.1447953216374269,0.4353023909985935,0.21730735474811302,0.17970611189091762,0.954679053709488,-0.1602581434345461,0.6603786178953437,0.1447953216374269,4275,10
305,3656,321,0.07700075738449887,0.48722044728434505,0.13298452147373008,0.2073623344573939,0.9406415254362976,-0.22043538257149325,0.5486470660852376,0.07700075738449887,3961,15
183,3656,184,0.04766866371450899,0.4986376021798365,0.08701854493580599,0.19051552595296598,0.946241261544684,-0.35724766488755527,0.46503715116848976,0.04766866371450899,3839,20
124,3656,120,0.0328042328042328,0.5081967213114754,0.06163021868787275,0.27055859065872395,0.8384221413260947,-0.2566069163522146,0.38049980225091007,0.0328042328042328,3780,25
82,3656,83,0.021936864633493848,0.49696969696969695,0.04201895977453241,0.1753567941301236,0.8364589722836168,-0.2746525726283122,0.36821234497151045,0.021936864633493848,3738,30
54,3656,56,0.014555256064690027,0.4909090909090909,0.02827225130890052,0.15644058602416902,0.8132678817065857,-0.2562835515000215,0.32906528551205194,0.014555256064690027,3710,35
43,3656,41,0.011624763449580968,0.5119047619047619,0.022733280465239227,0.3903238626360943,0.7140625205294091,-0.2049224537398343,0.29342471768488665,0.011624763449580968,3699,40
29,3656,22,0.007869742198100407,0.5686274509803921,0.01552462526766595,0.38737087868521936,0.7312897105194079,-0.20822129949902307,0.30031757863690356,0.007869742198100407,3685,45
20,3656,13,0.00544069640914037,0.6060606060606061,0.010784578053383662,0.28276195395538917,0.7538950954293063,-0.30212669491193767,0.32029782801401785,0.00544069640914037,3676,50
13,3656,10,0.0035431997819569366,0.5652173913043478,0.007042253521126761,0.1633315483506639,0.7463963690344901,-0.5404632444597743,0.3508405436867333,0.0035431997819569366,3669,55
7,3656,8,0.001911001911001911,0.4666666666666667,0.0038064165307232192,0.8112032976370356,0.580205396793653,-0.015952153530476184,0.2282635605633685,0.001911001911001911,3663,60
3,3656,6,0.0008198961464881115,0.3333333333333333,0.0016357688113413304,-0.9993989908633377,0.23471737094132625,0.7108707056839348,0.17101015823118454,0.0008198961464881115,3659,65
0,3656,3,0.0,0.0,0.0,,0.0,,0.0,0.0,3656,70
0,3656,3,0.0,0.0,0.0,,0.0,,0.0,0.0,3656,75
0,3656,2,0.0,0.0,0.0,,0.0,,0.0,0.0,3656,80
0,3656,2,0.0,0.0,0.0,,0.0,,0.0,0.0,3656,85
0,3656,1,0.0,0.0,0.0,,0.0,,0.0,0.0,3656,90
0,3656,0,0.0,0.0,0.0,,0.0,,0.0,0.0,3656,95
