TP,FP,FN,precision,recall,F1,corr_reads_mapped,L1_f_unique_weighted_reads_mapped,corr_ave_abund,L1_average_abund_reads_mapped_div_gene_len,percent_correct_predictions,total_number_of_predictions,filter_threshold
8975,3097,29954,0.7434559310801856,0.2305479205733515,0.35195388325719107,0.1710615603473537,0.7519062327009385,0.13309740692590574,0.5324595522976098,0.7434559310801856,12072,0
1805,3097,5295,0.3682170542635659,0.25422535211267605,0.3007832027995334,0.2461259844352453,0.6424357549165403,0.11763157201818196,0.4043281797748133,0.3682170542635659,4902,5
189,3097,1063,0.05751673767498478,0.1509584664536741,0.08329660643455267,0.2841463745259986,0.556953014512098,0.1536392310238179,0.38044435815826416,0.05751673767498478,3286,10
24,3097,226,0.00768984299903877,0.096,0.014239098190447939,0.4472145895500461,0.37552570093457943,0.5785807056988554,0.34662069852712385,0.00768984299903877,3121,15
7,3097,58,0.0022551546391752575,0.1076923076923077,0.004417797412432944,0.13582735888300568,0.40847457627118644,0.2918336310506492,0.34640405825620135,0.0022551546391752575,3104,20
2,3097,16,0.0006453694740238787,0.1111111111111111,0.0012832852101379532,1.0,0.04572479313515165,0.9999999999999999,0.05291553603225985,0.0006453694740238787,3099,25
1,3097,6,0.00032278889606197545,0.14285714285714285,0.0006441223832528181,,0.0,,0.0,0.00032278889606197545,3098,30
1,3097,3,0.00032278889606197545,0.25,0.0006447453255963894,,0.0,,0.0,0.00032278889606197545,3098,35
0,3097,3,0.0,0.0,0.0,,0.0,,0.0,0.0,3097,40
0,3097,3,0.0,0.0,0.0,,0.0,,0.0,0.0,3097,45
0,3097,3,0.0,0.0,0.0,,0.0,,0.0,0.0,3097,50
0,3097,2,0.0,0.0,0.0,,0.0,,0.0,0.0,3097,55
0,3097,2,0.0,0.0,0.0,,0.0,,0.0,0.0,3097,60
0,3097,1,0.0,0.0,0.0,,0.0,,0.0,0.0,3097,65
0,3097,1,0.0,0.0,0.0,,0.0,,0.0,0.0,3097,70
0,3097,1,0.0,0.0,0.0,,0.0,,0.0,0.0,3097,75
0,3097,1,0.0,0.0,0.0,,0.0,,0.0,0.0,3097,80
0,3097,0,0.0,0.0,0.0,,0.0,,0.0,0.0,3097,85
0,3097,0,0.0,0.0,0.0,,0.0,,0.0,0.0,3097,90
0,3097,0,0.0,0.0,0.0,,0.0,,0.0,0.0,3097,95
