TP,FP,FN,precision,recall,F1,corr_reads_mapped,L1_f_unique_weighted_reads_mapped,corr_ave_abund,L1_average_abund_reads_mapped_div_gene_len,percent_correct_predictions,total_number_of_predictions,filter_threshold
3253,3958,15515,0.4511163500208015,0.17332693947144076,0.25043304207244316,0.3606397833216535,0.9204360695703218,-0.06929389565370568,0.6498526825551914,0.4511163500208015,7211,0
324,3958,759,0.07566557683325549,0.29916897506925205,0.12078285181733459,0.5384393259821879,0.9430002779968305,-0.2997057129381547,0.574431097424607,0.07566557683325549,4282,5
11,3958,205,0.002771478961955152,0.05092592592592592,0.005256869772998805,0.8588241567395559,0.6196637959732537,-0.4339992865913432,0.5626996441437964,0.002771478961955152,3969,10
5,3958,146,0.0012616704516780217,0.033112582781456956,0.0024307243558580457,0.19840883168804851,0.2617143033133077,0.09850757546648552,0.19842474325226656,0.0012616704516780217,3963,15
3,3958,111,0.0007573844988639232,0.02631578947368421,0.0014723926380368097,0.6326900696299711,0.2653033569448742,0.042708138476983924,0.21850478039197885,0.0007573844988639232,3961,20
1,3958,86,0.00025258903763576663,0.011494252873563218,0.0004943153732081068,,0.0,,0.0,0.00025258903763576663,3959,25
0,3958,60,0.0,0.0,0.0,,0.0,,0.0,0.0,3958,30
0,3958,45,0.0,0.0,0.0,,0.0,,0.0,0.0,3958,35
0,3958,33,0.0,0.0,0.0,,0.0,,0.0,0.0,3958,40
0,3958,19,0.0,0.0,0.0,,0.0,,0.0,0.0,3958,45
0,3958,14,0.0,0.0,0.0,,0.0,,0.0,0.0,3958,50
0,3958,12,0.0,0.0,0.0,,0.0,,0.0,0.0,3958,55
0,3958,9,0.0,0.0,0.0,,0.0,,0.0,0.0,3958,60
0,3958,4,0.0,0.0,0.0,,0.0,,0.0,0.0,3958,65
0,3958,3,0.0,0.0,0.0,,0.0,,0.0,0.0,3958,70
0,3958,3,0.0,0.0,0.0,,0.0,,0.0,0.0,3958,75
0,3958,2,0.0,0.0,0.0,,0.0,,0.0,0.0,3958,80
0,3958,1,0.0,0.0,0.0,,0.0,,0.0,0.0,3958,85
0,3958,1,0.0,0.0,0.0,,0.0,,0.0,0.0,3958,90
0,3958,0,0.0,0.0,0.0,,0.0,,0.0,0.0,3958,95
