TP,FP,FN,precision,recall,F1,corr_reads_mapped,L1_f_unique_weighted_reads_mapped,corr_ave_abund,L1_average_abund_reads_mapped_div_gene_len,percent_correct_predictions,total_number_of_predictions,filter_threshold
8502,2609,26290,0.7651876518765187,0.24436652103931938,0.37043330501274424,0.5391230905760245,0.7341659531583965,0.5532355615426829,0.6807098809592904,0.7651876518765187,11111,0
3441,2609,4144,0.5687603305785124,0.45365853658536587,0.5047304730473047,0.576029614518674,0.5184089464355429,0.6756064939108205,0.49128951680347116,0.5687603305785124,6050,5
1131,2609,670,0.3024064171122995,0.6279844530816213,0.40822956145100164,0.6609036400333425,0.36521454389918273,0.7938272470171793,0.3649571849447686,0.3024064171122995,3740,10
588,2609,145,0.18392242727557084,0.8021828103683493,0.29923664122137406,0.8228458286758032,0.2504893101664492,0.8539326150383888,0.17419108031282587,0.18392242727557084,3197,15
432,2609,30,0.14205853337717855,0.935064935064935,0.24664573222951758,0.8546671949514445,0.21095819909871166,0.8258815534868642,0.12374036678534561,0.14205853337717855,3041,20
340,2609,4,0.11529331976941336,0.9883720930232558,0.2064986334649256,0.8457539933722332,0.19407457921093096,0.8288630162060074,0.10387745563855905,0.11529331976941336,2949,25
259,2609,2,0.0903068340306834,0.9923371647509579,0.16554809843400448,0.8903610045602145,0.1706055098118281,0.8327089700347527,0.0961434072414483,0.0903068340306834,2868,30
193,2609,1,0.06887937187723055,0.9948453608247423,0.1288384512683578,0.8728177671469959,0.16537159531630202,0.8067601087353633,0.09675537314707901,0.06887937187723055,2802,35
147,2609,1,0.05333817126269957,0.9932432432432432,0.10123966942148763,0.8712261034311379,0.16013882910434166,0.7494268395673566,0.09288893717604366,0.05333817126269957,2756,40
99,2609,1,0.03655834564254062,0.99,0.0705128205128205,0.8573948337765871,0.15891837596357983,0.7266380298813393,0.09311735174574647,0.03655834564254062,2708,45
72,2609,1,0.026855650876538604,0.9863013698630136,0.05228758169934641,0.8499941779217626,0.15889438585083526,0.769348508095931,0.09204930452679998,0.026855650876538604,2681,50
53,2609,0,0.019909842223891812,1.0,0.039042357274401474,0.8442317687602339,0.15294700381928159,0.7965946442217177,0.09022025053675216,0.019909842223891812,2662,55
38,2609,0,0.014355874574990555,1.0,0.028305400372439476,0.8193767841790283,0.15773968483137446,0.8190519835125832,0.08443700281285442,0.014355874574990555,2647,60
29,2609,0,0.010993176648976498,1.0,0.021747281589801274,0.7463075312787392,0.1367752558052692,0.8780348533385316,0.06779863646380982,0.010993176648976498,2638,65
26,2609,0,0.009867172675521821,1.0,0.019541525742202182,0.7053380166875943,0.13833087085897072,0.879386612465677,0.06780402286750781,0.009867172675521821,2635,70
21,2609,0,0.007984790874524715,1.0,0.015843078083741986,0.6672768970313814,0.14567880179839784,0.724094940551032,0.06218883747819908,0.007984790874524715,2630,75
15,2609,0,0.005716463414634146,1.0,0.011367942402425162,0.5907693777474429,0.15023717257841648,0.5304764790248626,0.06160512270665798,0.005716463414634146,2624,80
13,2609,0,0.004958047292143402,1.0,0.009867172675521821,0.5452457574286649,0.13532012798108603,0.4351912730213659,0.057557971677830624,0.004958047292143402,2622,85
10,2609,0,0.0038182512409316535,1.0,0.007607455306200076,0.512082079264595,0.1481896684075335,0.25708750371509703,0.06483010347573995,0.0038182512409316535,2619,90
9,2609,0,0.003437738731856379,1.0,0.0068519223448800905,0.5156238286646074,0.15576541425450252,0.20857110894637668,0.0686836744826203,0.003437738731856379,2618,95
