TP,FP,FN,precision,recall,F1,corr_reads_mapped,L1_f_unique_weighted_reads_mapped,corr_ave_abund,L1_average_abund_reads_mapped_div_gene_len,percent_correct_predictions,total_number_of_predictions,filter_threshold
4973,3493,31781,0.5874084573588472,0.1353050008162377,0.2199469261388766,0.22701720019163749,1.1045712557725509,-0.04173312948694158,0.8840278537933479,0.5874084573588472,8466,0
1431,3493,5913,0.2906173842404549,0.1948529411764706,0.23328985979784808,0.3000380316810088,1.0246479638351944,-0.16653956609073128,0.581946119239309,0.2906173842404549,4924,5
659,3493,1571,0.15871868978805395,0.29551569506726455,0.20651833281103102,0.4650979718408249,0.9708300641630379,-0.19715722103596459,0.510397960338282,0.15871868978805395,4152,10
243,3493,384,0.06504282655246253,0.3875598086124402,0.11139124455649783,0.644255565389045,0.9322393527844186,-0.25374009640445677,0.5064097802920982,0.06504282655246253,3736,15
97,3493,98,0.02701949860724234,0.49743589743589745,0.0512549537648613,0.6882469805375915,0.878755537376036,-0.26222003066701677,0.47068512267178864,0.02701949860724234,3590,20
35,3493,28,0.00992063492063492,0.5555555555555556,0.01949317738791423,0.8919373382296714,0.7041260504694008,-0.32435425718495203,0.38179782275508395,0.00992063492063492,3528,25
18,3493,9,0.005126744517231558,0.6666666666666666,0.010175240248728094,0.9302112946901293,0.6426455856149497,-0.6534230138500263,0.3955913272082688,0.005126744517231558,3511,30
9,3493,4,0.002569960022844089,0.6923076923076923,0.005120910384068279,0.9769413717271519,0.5842119414318796,-0.7647477376618158,0.44803937459552867,0.002569960022844089,3502,35
4,3493,0,0.001143837575064341,1.0,0.0022850614110254217,0.986746007672596,0.2959139660930714,-0.3878777438726956,0.18978375896667204,0.001143837575064341,3497,40
4,3493,0,0.001143837575064341,1.0,0.0022850614110254217,0.986746007672596,0.2959139660930714,-0.3878777438726956,0.18978375896667204,0.001143837575064341,3497,45
3,3493,0,0.0008581235697940503,1.0,0.0017147756501857674,0.9751514549631651,0.17586417036259386,-0.22899027051003337,0.14685613723790575,0.0008581235697940503,3496,50
2,3493,0,0.0005722460658082976,1.0,0.001143837575064341,1.0,0.015147025813706083,-1.0,0.10593994662792339,0.0005722460658082976,3495,55
2,3493,0,0.0005722460658082976,1.0,0.001143837575064341,1.0,0.015147025813706083,-1.0,0.10593994662792339,0.0005722460658082976,3495,60
2,3493,0,0.0005722460658082976,1.0,0.001143837575064341,1.0,0.015147025813706083,-1.0,0.10593994662792339,0.0005722460658082976,3495,65
2,3493,0,0.0005722460658082976,1.0,0.001143837575064341,1.0,0.015147025813706083,-1.0,0.10593994662792339,0.0005722460658082976,3495,70
1,3493,0,0.00028620492272467084,1.0,0.0005722460658082976,,0.0,,0.0,0.00028620492272467084,3494,75
1,3493,0,0.00028620492272467084,1.0,0.0005722460658082976,,0.0,,0.0,0.00028620492272467084,3494,80
1,3493,0,0.00028620492272467084,1.0,0.0005722460658082976,,0.0,,0.0,0.00028620492272467084,3494,85
0,3493,0,0.0,0.0,0.0,,0.0,,0.0,0.0,3493,90
0,3493,0,0.0,0.0,0.0,,0.0,,0.0,0.0,3493,95
