TP,FP,FN,precision,recall,F1,corr_reads_mapped,L1_f_unique_weighted_reads_mapped,corr_ave_abund,L1_average_abund_reads_mapped_div_gene_len,percent_correct_predictions,total_number_of_predictions,filter_threshold
5197,2365,16903,0.6872520497222957,0.23515837104072398,0.3504146719708718,0.20771636144425284,0.6404174007387168,0.16051714369550013,0.4907707352478084,0.6872520497222957,7562,0
324,2365,182,0.12049088880624767,0.6403162055335968,0.20281690140845068,0.08237920523772685,0.5473786618812513,0.21473964653054906,0.3455670775825975,0.12049088880624767,2689,5
4,2365,21,0.0016884761502743773,0.16,0.003341687552213868,0.8694297044226453,0.28215488215488216,0.03620942287248008,0.374886525416926,0.0016884761502743773,2369,10
2,2365,6,0.0008449514152936206,0.25,0.0016842105263157896,-0.9999999999999999,0.07857142857142846,-1.0,0.09362088840300692,0.0008449514152936206,2367,15
0,2365,1,0.0,0.0,0.0,,0.0,,0.0,0.0,2365,20
0,2365,0,0.0,0.0,0.0,,0.0,,0.0,0.0,2365,25
0,2365,0,0.0,0.0,0.0,,0.0,,0.0,0.0,2365,30
0,2365,0,0.0,0.0,0.0,,0.0,,0.0,0.0,2365,35
0,2365,0,0.0,0.0,0.0,,0.0,,0.0,0.0,2365,40
0,2365,0,0.0,0.0,0.0,,0.0,,0.0,0.0,2365,45
0,2365,0,0.0,0.0,0.0,,0.0,,0.0,0.0,2365,50
0,2365,0,0.0,0.0,0.0,,0.0,,0.0,0.0,2365,55
0,2365,0,0.0,0.0,0.0,,0.0,,0.0,0.0,2365,60
0,2365,0,0.0,0.0,0.0,,0.0,,0.0,0.0,2365,65
0,2365,0,0.0,0.0,0.0,,0.0,,0.0,0.0,2365,70
0,2365,0,0.0,0.0,0.0,,0.0,,0.0,0.0,2365,75
0,2365,0,0.0,0.0,0.0,,0.0,,0.0,0.0,2365,80
0,2365,0,0.0,0.0,0.0,,0.0,,0.0,0.0,2365,85
0,2365,0,0.0,0.0,0.0,,0.0,,0.0,0.0,2365,90
0,2365,0,0.0,0.0,0.0,,0.0,,0.0,0.0,2365,95
