TP,FP,FN,precision,recall,F1,corr_reads_mapped,L1_f_unique_weighted_reads_mapped,corr_ave_abund,L1_average_abund_reads_mapped_div_gene_len,percent_correct_predictions,total_number_of_predictions,filter_threshold
4411,2496,16688,0.6386274793687563,0.2090620408550168,0.3150039277297722,0.3718959424184971,0.5337023329705528,0.2474025504364225,0.48865747227254447,0.6386274793687563,6907,0
508,2496,597,0.16910785619174434,0.4597285067873303,0.2472621075687515,0.25558220091556544,0.47941360220995355,0.22084677274423997,0.31433609101800897,0.16910785619174434,3004,5
32,2496,34,0.012658227848101266,0.48484848484848486,0.02467232074016962,0.5486675899274048,0.35059592869951295,0.32855872158995114,0.27063055538911135,0.012658227848101266,2528,10
3,2496,8,0.0012004801920768306,0.2727272727272727,0.0023904382470119516,0.8742227108867688,0.12051890082301872,-0.17011041062832596,0.1413111579080789,0.0012004801920768306,2499,15
2,2496,1,0.0008006405124099279,0.6666666666666666,0.0015993602558976407,1.0,0.08209150326792214,-1.0,0.11915816128422124,0.0008006405124099279,2498,20
1,2496,1,0.00040048057669203043,0.5,0.0008003201280512204,,0.0,,0.0,0.00040048057669203043,2497,25
1,2496,0,0.00040048057669203043,1.0,0.000800640512409928,,0.0,,0.0,0.00040048057669203043,2497,30
0,2496,0,0.0,0.0,0.0,,0.0,,0.0,0.0,2496,35
0,2496,0,0.0,0.0,0.0,,0.0,,0.0,0.0,2496,40
0,2496,0,0.0,0.0,0.0,,0.0,,0.0,0.0,2496,45
0,2496,0,0.0,0.0,0.0,,0.0,,0.0,0.0,2496,50
0,2496,0,0.0,0.0,0.0,,0.0,,0.0,0.0,2496,55
0,2496,0,0.0,0.0,0.0,,0.0,,0.0,0.0,2496,60
0,2496,0,0.0,0.0,0.0,,0.0,,0.0,0.0,2496,65
0,2496,0,0.0,0.0,0.0,,0.0,,0.0,0.0,2496,70
0,2496,0,0.0,0.0,0.0,,0.0,,0.0,0.0,2496,75
0,2496,0,0.0,0.0,0.0,,0.0,,0.0,0.0,2496,80
0,2496,0,0.0,0.0,0.0,,0.0,,0.0,0.0,2496,85
0,2496,0,0.0,0.0,0.0,,0.0,,0.0,0.0,2496,90
0,2496,0,0.0,0.0,0.0,,0.0,,0.0,0.0,2496,95
