TP,FP,FN,precision,recall,F1,corr_reads_mapped,L1_f_unique_weighted_reads_mapped,corr_ave_abund,L1_average_abund_reads_mapped_div_gene_len,percent_correct_predictions,total_number_of_predictions,filter_threshold
4540,2588,20059,0.6369248035914703,0.18456034798162527,0.28619157184732247,0.3302420003349311,0.5218937197678467,0.22181441282138697,0.4699180832074388,0.6369248035914703,7128,0
221,2588,183,0.07867568529725881,0.5470297029702971,0.13756613756613756,0.35170039020010313,0.44607929223362086,0.3065951677155776,0.35152438776082684,0.07867568529725881,2809,5
6,2588,3,0.002313030069390902,0.6666666666666666,0.0046100653092585485,0.09575627720926232,0.22358722358722366,0.6970236599513899,0.2888020057288685,0.002313030069390902,2594,10
1,2588,1,0.0003862495171881035,0.5,0.0007719027402547278,,0.0,,0.0,0.0003862495171881035,2589,15
0,2588,0,0.0,0.0,0.0,,0.0,,0.0,0.0,2588,20
0,2588,0,0.0,0.0,0.0,,0.0,,0.0,0.0,2588,25
0,2588,0,0.0,0.0,0.0,,0.0,,0.0,0.0,2588,30
0,2588,0,0.0,0.0,0.0,,0.0,,0.0,0.0,2588,35
0,2588,0,0.0,0.0,0.0,,0.0,,0.0,0.0,2588,40
0,2588,0,0.0,0.0,0.0,,0.0,,0.0,0.0,2588,45
0,2588,0,0.0,0.0,0.0,,0.0,,0.0,0.0,2588,50
0,2588,0,0.0,0.0,0.0,,0.0,,0.0,0.0,2588,55
0,2588,0,0.0,0.0,0.0,,0.0,,0.0,0.0,2588,60
0,2588,0,0.0,0.0,0.0,,0.0,,0.0,0.0,2588,65
0,2588,0,0.0,0.0,0.0,,0.0,,0.0,0.0,2588,70
0,2588,0,0.0,0.0,0.0,,0.0,,0.0,0.0,2588,75
0,2588,0,0.0,0.0,0.0,,0.0,,0.0,0.0,2588,80
0,2588,0,0.0,0.0,0.0,,0.0,,0.0,0.0,2588,85
0,2588,0,0.0,0.0,0.0,,0.0,,0.0,0.0,2588,90
0,2588,0,0.0,0.0,0.0,,0.0,,0.0,0.0,2588,95
