TP,FP,FN,precision,recall,F1,corr_reads_mapped,L1_f_unique_weighted_reads_mapped,corr_ave_abund,L1_average_abund_reads_mapped_div_gene_len,percent_correct_predictions,total_number_of_predictions,filter_threshold
4311,1700,14719,0.7171851605390118,0.22653704676826064,0.34431532287049244,0.3018645668643465,0.5815184823095811,0.24179464268714382,0.4793831025589913,0.7171851605390118,6011,0
851,1700,555,0.33359466875735005,0.6052631578947368,0.4301238311852414,0.23678279605864586,0.5091054221909026,0.2600989832614023,0.3229672392581903,0.33359466875735005,2551,5
68,1700,19,0.038461538461538464,0.7816091954022989,0.07331536388140163,0.2737180107229109,0.479377269132194,0.3426464421743125,0.2680915648085183,0.038461538461538464,1768,10
7,1700,2,0.004100761570005858,0.7777777777777778,0.008158508158508158,0.19914638191238918,0.4804455890278093,0.10467629325040508,0.2983414727105044,0.004100761570005858,1707,15
1,1700,0,0.0005878894767783657,1.0,0.0011750881316098707,,0.0,,0.0,0.0005878894767783657,1701,20
0,1700,0,0.0,0.0,0.0,,0.0,,0.0,0.0,1700,25
0,1700,0,0.0,0.0,0.0,,0.0,,0.0,0.0,1700,30
0,1700,0,0.0,0.0,0.0,,0.0,,0.0,0.0,1700,35
0,1700,0,0.0,0.0,0.0,,0.0,,0.0,0.0,1700,40
0,1700,0,0.0,0.0,0.0,,0.0,,0.0,0.0,1700,45
0,1700,0,0.0,0.0,0.0,,0.0,,0.0,0.0,1700,50
0,1700,0,0.0,0.0,0.0,,0.0,,0.0,0.0,1700,55
0,1700,0,0.0,0.0,0.0,,0.0,,0.0,0.0,1700,60
0,1700,0,0.0,0.0,0.0,,0.0,,0.0,0.0,1700,65
0,1700,0,0.0,0.0,0.0,,0.0,,0.0,0.0,1700,70
0,1700,0,0.0,0.0,0.0,,0.0,,0.0,0.0,1700,75
0,1700,0,0.0,0.0,0.0,,0.0,,0.0,0.0,1700,80
0,1700,0,0.0,0.0,0.0,,0.0,,0.0,0.0,1700,85
0,1700,0,0.0,0.0,0.0,,0.0,,0.0,0.0,1700,90
0,1700,0,0.0,0.0,0.0,,0.0,,0.0,0.0,1700,95
