TP,FP,FN,precision,recall,F1,corr_reads_mapped,L1_f_unique_weighted_reads_mapped,corr_ave_abund,L1_average_abund_reads_mapped_div_gene_len,percent_correct_predictions,total_number_of_predictions,filter_threshold
8764,3092,26028,0.7392037786774629,0.2518969878132904,0.375750300120048,0.5272733487845241,0.7625687361532291,0.5098798971020605,0.7260561733298806,0.7392037786774629,11856,0
3273,3092,4312,0.5142183817753339,0.43150955833882665,0.46924731182795704,0.6227259953537017,0.5426219682134187,0.634849559518205,0.5149838725099891,0.5142183817753339,6365,5
1102,3092,699,0.26275631855030995,0.61188228761799,0.36763969974979144,0.6197754288901491,0.4132958306210348,0.6792404397133243,0.3916595658197235,0.26275631855030995,4194,10
587,3092,146,0.15955422669203587,0.800818553888131,0.2660924750679963,0.7566049348126161,0.28140754551761055,0.7285742112589431,0.1916137820751575,0.15955422669203587,3679,15
436,3092,26,0.1235827664399093,0.9437229437229437,0.21854636591478696,0.7403348333207236,0.2543326232670894,0.7116701061676509,0.14316660255512575,0.1235827664399093,3528,20
338,3092,6,0.09854227405247813,0.9825581395348837,0.17912029676735558,0.7379337809065792,0.22454740814078994,0.6412819406182323,0.11978129515080072,0.09854227405247813,3430,25
259,3092,2,0.07729036108624292,0.9923371647509579,0.1434108527131783,0.7127139563164466,0.22256269409009385,0.5898425212339243,0.11636039593994808,0.07729036108624292,3351,30
193,3092,1,0.05875190258751903,0.9948453608247423,0.11095142282265019,0.6656810188693806,0.2257265303239948,0.5022133410152597,0.11967826927337487,0.05875190258751903,3285,35
147,3092,1,0.045384377894411854,0.9932432432432432,0.08680248007085917,0.6235391104861029,0.2230939890582072,0.3505715216765661,0.11845758507741971,0.045384377894411854,3239,40
99,3092,1,0.03102475712942651,0.99,0.06016408386508661,0.5591900852863273,0.23546275159951338,0.2082246903511018,0.13604662082898514,0.03102475712942651,3191,45
72,3092,1,0.022756005056890013,0.9863013698630136,0.04448563484708063,0.4843874623250543,0.23526665286703463,0.1512740135958551,0.13892136419204365,0.022756005056890013,3164,50
53,3092,0,0.01685214626391097,1.0,0.03314571607254534,0.41024560259586706,0.24127159739350712,0.13532175752752254,0.1527944822914906,0.01685214626391097,3145,55
38,3092,0,0.012140575079872205,1.0,0.02398989898989899,0.21920284802143788,0.24735475170739282,0.06440137861386577,0.17326977176042316,0.012140575079872205,3130,60
29,3092,0,0.009291893623838513,1.0,0.018412698412698412,0.6063890675146549,0.18209590257958458,0.740745675738271,0.09562342416678686,0.009291893623838513,3121,65
26,3092,0,0.008338678640153944,1.0,0.01653944020356234,0.5421611266295668,0.18241344411843924,0.7462055388356725,0.09499661997227235,0.008338678640153944,3118,70
21,3092,0,0.006745904272406039,1.0,0.013401403956604977,0.4982169396471879,0.17490474486274477,0.31408521739982703,0.09049428166675016,0.006745904272406039,3113,75
15,3092,0,0.00482780817508851,1.0,0.009609224855861628,0.36467325289157765,0.16097199133032186,0.270070661541149,0.08469802485789264,0.00482780817508851,3107,80
13,3092,0,0.004186795491143317,1.0,0.008338678640153944,0.3476119581171478,0.16964161075672457,0.18092444093742518,0.08809120808756798,0.004186795491143317,3105,85
10,3092,0,0.003223726627981947,1.0,0.006426735218508997,0.2503738751316879,0.17870927650505866,0.08687452734451445,0.09144295405880026,0.003223726627981947,3102,90
9,3092,0,0.0029022895840051595,1.0,0.005787781350482315,0.28202738341984523,0.18733865405452937,0.04924734075125215,0.09884203884726767,0.0029022895840051595,3101,95
