TP,FP,FN,precision,recall,F1,corr_reads_mapped,L1_f_unique_weighted_reads_mapped,corr_ave_abund,L1_average_abund_reads_mapped_div_gene_len,percent_correct_predictions,total_number_of_predictions,filter_threshold
4436,1580,14809,0.7373670212765957,0.2305014289425825,0.3512133328055105,0.46293038685853394,0.45806649199850785,0.38215693721757654,0.5453744321249434,0.7373670212765957,6016,0
867,1580,126,0.3543114017163874,0.8731117824773413,0.5040697674418606,0.6978059844132769,0.31563943878682976,0.5068687683981722,0.40678549147228493,0.3543114017163874,2447,5
136,1580,1,0.07925407925407925,0.9927007299270073,0.14678899082568805,0.7437121610523283,0.2596015406647838,0.5672336673713677,0.2770413540134623,0.07925407925407925,1716,10
31,1580,0,0.019242706393544383,1.0,0.037758830694275276,0.731973169616461,0.2630771528258194,0.5657044720358361,0.21691635707375154,0.019242706393544383,1611,15
11,1580,0,0.0069138906348208675,1.0,0.013732833957553058,0.5458064323674869,0.21170106738674135,0.016422132397959144,0.15004544534777975,0.0069138906348208675,1591,20
1,1580,0,0.0006325110689437065,1.0,0.0012642225031605561,,0.0,,0.0,0.0006325110689437065,1581,25
0,1580,0,0.0,0.0,0.0,,0.0,,0.0,0.0,1580,30
0,1580,0,0.0,0.0,0.0,,0.0,,0.0,0.0,1580,35
0,1580,0,0.0,0.0,0.0,,0.0,,0.0,0.0,1580,40
0,1580,0,0.0,0.0,0.0,,0.0,,0.0,0.0,1580,45
0,1580,0,0.0,0.0,0.0,,0.0,,0.0,0.0,1580,50
0,1580,0,0.0,0.0,0.0,,0.0,,0.0,0.0,1580,55
0,1580,0,0.0,0.0,0.0,,0.0,,0.0,0.0,1580,60
0,1580,0,0.0,0.0,0.0,,0.0,,0.0,0.0,1580,65
0,1580,0,0.0,0.0,0.0,,0.0,,0.0,0.0,1580,70
0,1580,0,0.0,0.0,0.0,,0.0,,0.0,0.0,1580,75
0,1580,0,0.0,0.0,0.0,,0.0,,0.0,0.0,1580,80
0,1580,0,0.0,0.0,0.0,,0.0,,0.0,0.0,1580,85
0,1580,0,0.0,0.0,0.0,,0.0,,0.0,0.0,1580,90
0,1580,0,0.0,0.0,0.0,,0.0,,0.0,0.0,1580,95
