TP,FP,FN,precision,recall,F1,corr_reads_mapped,L1_f_unique_weighted_reads_mapped,corr_ave_abund,L1_average_abund_reads_mapped_div_gene_len,percent_correct_predictions,total_number_of_predictions,filter_threshold
11456,2034,20614,0.8492216456634544,0.35721858434674153,0.5028972783143107,0.4876163727965543,0.5223091076893858,0.31785739985349004,0.43602283812081755,0.8492216456634544,13490,0
5658,2034,1661,0.7355694227769111,0.7730564284738353,0.7538471787355939,0.44368559054752743,0.49760044353784894,0.2760162044265203,0.3057017470463075,0.7355694227769111,7692,5
1399,2034,394,0.40751529274686865,0.7802565532626883,0.535399923459625,0.35862133312726646,0.4794077634595985,0.2729246741952501,0.2704322640699839,0.40751529274686865,3433,10
304,2034,258,0.1300256629597947,0.5409252669039146,0.20965517241379314,0.2692673174752644,0.5001993063104772,0.19158544649658948,0.27473271877198885,0.1300256629597947,2338,15
60,2034,230,0.02865329512893983,0.20689655172413793,0.05033557046979866,0.31185354634442725,0.5152405558896198,0.2669385496239228,0.22753396798793418,0.02865329512893983,2094,20
16,2034,213,0.007804878048780488,0.06986899563318777,0.01404124616059675,0.4810310210617591,0.26397345109618753,0.6085784150173088,0.1906286819322136,0.007804878048780488,2050,25
7,2034,193,0.0034296913277804997,0.035,0.006247211066488174,0.9706747321861123,0.04151686355076188,0.045259670472958424,0.1603418009580398,0.0034296913277804997,2041,30
5,2034,179,0.0024521824423737125,0.02717391304347826,0.004498425551057131,0.9519801740918906,0.04540147050774482,0.214379183049557,0.1422740523376825,0.0024521824423737125,2039,35
5,2034,166,0.0024521824423737125,0.029239766081871343,0.004524886877828054,0.9519801740918906,0.04540147050774482,0.214379183049557,0.1422740523376825,0.0024521824423737125,2039,40
3,2034,147,0.0014727540500736377,0.02,0.0027434842249657067,0.9507387195305013,0.03146733064308416,-0.8919249369882856,0.0805074026937696,0.0014727540500736377,2037,45
2,2034,127,0.0009823182711198428,0.015503875968992248,0.0018475750577367207,1.0,0.035282015364748676,-1.0,0.12054562731710111,0.0009823182711198428,2036,50
1,2034,120,0.0004914004914004914,0.008264462809917356,0.0009276437847866419,,0.0,,0.0,0.0004914004914004914,2035,55
0,2034,110,0.0,0.0,0.0,,0.0,,0.0,0.0,2034,60
0,2034,97,0.0,0.0,0.0,,0.0,,0.0,0.0,2034,65
0,2034,91,0.0,0.0,0.0,,0.0,,0.0,0.0,2034,70
0,2034,79,0.0,0.0,0.0,,0.0,,0.0,0.0,2034,75
0,2034,71,0.0,0.0,0.0,,0.0,,0.0,0.0,2034,80
0,2034,62,0.0,0.0,0.0,,0.0,,0.0,0.0,2034,85
0,2034,58,0.0,0.0,0.0,,0.0,,0.0,0.0,2034,90
0,2034,50,0.0,0.0,0.0,,0.0,,0.0,0.0,2034,95
