TP,FP,FN,precision,recall,F1,corr_reads_mapped,L1_f_unique_weighted_reads_mapped,corr_ave_abund,L1_average_abund_reads_mapped_div_gene_len,percent_correct_predictions,total_number_of_predictions,filter_threshold
11129,1768,20941,0.8629138559354889,0.34702213907078266,0.4949852113772321,0.5104823662365364,0.46907618281770513,0.3130569322765495,0.4278170420017629,0.8629138559354889,12897,0
5801,1768,1518,0.766415642753336,0.7925946167509222,0.7792853304674905,0.4784259822308479,0.43579648004749416,0.2874115546180716,0.2949299688359762,0.766415642753336,7569,5
1411,1768,382,0.44385026737967914,0.7869492470719465,0.5675784392598553,0.4551328167955913,0.41161471645722997,0.3019131343324339,0.2551444154098111,0.44385026737967914,3179,10
305,1768,257,0.14712976362759286,0.5427046263345195,0.23149905123339656,0.40145990286942085,0.41348646027819835,0.3172724505775874,0.2388966587745252,0.14712976362759286,2073,15
61,1768,229,0.03335155822854018,0.2103448275862069,0.057574327512977815,0.3193632704832836,0.4890393602760305,0.27277433273846535,0.25327322359460247,0.03335155822854018,1829,20
17,1768,212,0.009523809523809525,0.07423580786026202,0.01688182720953327,0.3863984486914367,0.29608200986292865,0.7834037190718017,0.12139817591300545,0.009523809523809525,1785,25
7,1768,193,0.003943661971830986,0.035,0.0070886075949367095,0.9501746418552962,0.04927192291456842,0.11376897814327118,0.12281362590761019,0.003943661971830986,1775,30
5,1768,179,0.0028200789622109417,0.02717391304347826,0.005109862033725088,0.9068140816694737,0.05453023645114033,0.022561733445597844,0.12106922049655272,0.0028200789622109417,1773,35
5,1768,166,0.0028200789622109417,0.029239766081871343,0.0051440329218107,0.9068140816694737,0.05453023645114033,0.022561733445597844,0.12106922049655272,0.0028200789622109417,1773,40
3,1768,147,0.0016939582156973462,0.02,0.003123373243102551,0.8368624948451805,0.05278884462151395,0.8651843651034485,0.050359000883639315,0.0016939582156973462,1771,45
2,1768,127,0.0011299435028248588,0.015503875968992248,0.0021063717746182204,1.0,0.06255523123476947,0.9999999999999998,0.05940756594777025,0.0011299435028248588,1770,50
1,1768,120,0.0005652911249293386,0.008264462809917356,0.0010582010582010583,,0.0,,0.0,0.0005652911249293386,1769,55
0,1768,110,0.0,0.0,0.0,,0.0,,0.0,0.0,1768,60
0,1768,97,0.0,0.0,0.0,,0.0,,0.0,0.0,1768,65
0,1768,91,0.0,0.0,0.0,,0.0,,0.0,0.0,1768,70
0,1768,79,0.0,0.0,0.0,,0.0,,0.0,0.0,1768,75
0,1768,71,0.0,0.0,0.0,,0.0,,0.0,0.0,1768,80
0,1768,62,0.0,0.0,0.0,,0.0,,0.0,0.0,1768,85
0,1768,58,0.0,0.0,0.0,,0.0,,0.0,0.0,1768,90
0,1768,50,0.0,0.0,0.0,,0.0,,0.0,0.0,1768,95
