TP,FP,FN,precision,recall,F1,corr_reads_mapped,L1_f_unique_weighted_reads_mapped,corr_ave_abund,L1_average_abund_reads_mapped_div_gene_len,percent_correct_predictions,total_number_of_predictions,filter_threshold
9387,3174,29542,0.7473131120133747,0.24113129029772148,0.36461448825014564,0.1604884009321234,0.7183017446094637,0.1348231001112656,0.5215197449350624,0.7473131120133747,12561,0
1870,3174,5230,0.37073750991276766,0.2633802816901408,0.3079710144927536,0.2861493861744301,0.5757429695172485,0.20228231978332775,0.3748869733255422,0.37073750991276766,5044,5
189,3174,1063,0.056199821587867974,0.1509584664536741,0.0819068255687974,0.22054226298868104,0.5393490115269522,0.19338243683126247,0.3696331905897656,0.056199821587867974,3363,10
25,3174,225,0.007814942169427946,0.1,0.014496955639315743,0.39644345472817505,0.41786039730271557,0.6234731702360246,0.34060435528812805,0.007814942169427946,3199,15
7,3174,58,0.0022005658597925182,0.1076923076923077,0.004313000616142946,0.02899306340301016,0.4806157354618016,0.15249847331679897,0.3809140851254583,0.0022005658597925182,3181,20
2,3174,16,0.0006297229219143577,0.1111111111111111,0.0012523481527864744,1.0,0.04594309799789237,0.9999999999999999,0.08648459087105664,0.0006297229219143577,3176,25
1,3174,6,0.00031496062992125983,0.14285714285714285,0.0006285355122564425,,0.0,,0.0,0.00031496062992125983,3175,30
1,3174,3,0.00031496062992125983,0.25,0.0006291286568103177,,0.0,,0.0,0.00031496062992125983,3175,35
0,3174,3,0.0,0.0,0.0,,0.0,,0.0,0.0,3174,40
0,3174,3,0.0,0.0,0.0,,0.0,,0.0,0.0,3174,45
0,3174,3,0.0,0.0,0.0,,0.0,,0.0,0.0,3174,50
0,3174,2,0.0,0.0,0.0,,0.0,,0.0,0.0,3174,55
0,3174,2,0.0,0.0,0.0,,0.0,,0.0,0.0,3174,60
0,3174,1,0.0,0.0,0.0,,0.0,,0.0,0.0,3174,65
0,3174,1,0.0,0.0,0.0,,0.0,,0.0,0.0,3174,70
0,3174,1,0.0,0.0,0.0,,0.0,,0.0,0.0,3174,75
0,3174,1,0.0,0.0,0.0,,0.0,,0.0,0.0,3174,80
0,3174,0,0.0,0.0,0.0,,0.0,,0.0,0.0,3174,85
0,3174,0,0.0,0.0,0.0,,0.0,,0.0,0.0,3174,90
0,3174,0,0.0,0.0,0.0,,0.0,,0.0,0.0,3174,95
