TP,FP,FN,precision,recall,F1,corr_reads_mapped,L1_f_unique_weighted_reads_mapped,corr_ave_abund,L1_average_abund_reads_mapped_div_gene_len,percent_correct_predictions,total_number_of_predictions,filter_threshold
4605,2526,14423,0.6457719814892722,0.24201177212528904,0.35207767881035207,0.4057736828724093,0.5551228973625226,0.35720316664774227,0.572780619200613,0.6457719814892722,7131,0
651,2526,365,0.2049102927289896,0.640748031496063,0.3105175292153589,0.48329544367125493,0.447222364965555,0.39150273863854546,0.3299248093868777,0.2049102927289896,3177,5
91,2526,104,0.03477264042797096,0.4666666666666667,0.0647226173541963,0.3471657414822926,0.4170683202838482,0.3109184951403312,0.2776656344192802,0.03477264042797096,2617,10
14,2526,53,0.005511811023622047,0.208955223880597,0.010740314537782892,0.44251184303930663,0.2374356995885249,0.6822468828947034,0.1706794573195883,0.005511811023622047,2540,15
2,2526,24,0.0007911392405063291,0.07692307692307693,0.001566170712607674,1.0,0.0716960941682439,1.0,0.20430787256945404,0.0007911392405063291,2528,20
1,2526,10,0.0003957261574990107,0.09090909090909091,0.0007880220646178092,,0.0,,0.0,0.0003957261574990107,2527,25
0,2526,7,0.0,0.0,0.0,,0.0,,0.0,0.0,2526,30
0,2526,1,0.0,0.0,0.0,,0.0,,0.0,0.0,2526,35
0,2526,0,0.0,0.0,0.0,,0.0,,0.0,0.0,2526,40
0,2526,0,0.0,0.0,0.0,,0.0,,0.0,0.0,2526,45
0,2526,0,0.0,0.0,0.0,,0.0,,0.0,0.0,2526,50
0,2526,0,0.0,0.0,0.0,,0.0,,0.0,0.0,2526,55
0,2526,0,0.0,0.0,0.0,,0.0,,0.0,0.0,2526,60
0,2526,0,0.0,0.0,0.0,,0.0,,0.0,0.0,2526,65
0,2526,0,0.0,0.0,0.0,,0.0,,0.0,0.0,2526,70
0,2526,0,0.0,0.0,0.0,,0.0,,0.0,0.0,2526,75
0,2526,0,0.0,0.0,0.0,,0.0,,0.0,0.0,2526,80
0,2526,0,0.0,0.0,0.0,,0.0,,0.0,0.0,2526,85
0,2526,0,0.0,0.0,0.0,,0.0,,0.0,0.0,2526,90
0,2526,0,0.0,0.0,0.0,,0.0,,0.0,0.0,2526,95
