TP,FP,FN,precision,recall,F1,corr_reads_mapped,L1_f_unique_weighted_reads_mapped,corr_ave_abund,L1_average_abund_reads_mapped_div_gene_len,percent_correct_predictions,total_number_of_predictions,filter_threshold
7768,2804,22398,0.7347710934544078,0.25750845322548566,0.38136383720359374,0.35882612885500786,0.7181871018477611,0.24790941971536068,0.5567084786802748,0.7347710934544078,10572,0
4210,2804,5112,0.6002281151981751,0.45161982407208756,0.5154260528893243,0.3798035880568194,0.6211110347158836,0.22851100751787587,0.34559443208773116,0.6002281151981751,7014,5
1609,2804,974,0.36460457738499885,0.6229190863337205,0.4599771297884505,0.32224484238966444,0.6287750432325822,0.2015527642519685,0.3162706187061889,0.36460457738499885,4413,10
496,2804,197,0.1503030303030303,0.7157287157287158,0.24843476083145505,0.233958575303112,0.6593870390700837,0.1231729052531606,0.3184534489077995,0.1503030303030303,3300,15
161,2804,48,0.05430016863406408,0.7703349282296651,0.10144927536231885,0.1720305016365081,0.6823400340858099,0.06223398897279787,0.32820947476806633,0.05430016863406408,2965,20
53,2804,17,0.01855092754637732,0.7571428571428571,0.03621455415100786,0.19638058329605768,0.6253932580090924,0.1333092438308244,0.2860469446241455,0.01855092754637732,2857,25
22,2804,9,0.00778485491861288,0.7096774193548387,0.015400770038501925,0.34423283501710134,0.6091098217237831,0.26938654143394264,0.2557450945255816,0.00778485491861288,2826,30
7,2804,5,0.0024902170046246885,0.5833333333333334,0.0049592631951824295,0.6801879956209212,0.5412966189322531,0.7452604060449485,0.12045757394109052,0.0024902170046246885,2811,35
2,2804,1,0.0007127583749109052,0.6666666666666666,0.001423994304022784,1.0,0.4392244119516021,1.0,0.04566851884178447,0.0007127583749109052,2806,40
1,2804,1,0.00035650623885918,0.5,0.0007125044531528322,,0.0,,0.0,0.00035650623885918,2805,45
1,2804,0,0.00035650623885918,1.0,0.0007127583749109052,,0.0,,0.0,0.00035650623885918,2805,50
1,2804,0,0.00035650623885918,1.0,0.0007127583749109052,,0.0,,0.0,0.00035650623885918,2805,55
1,2804,0,0.00035650623885918,1.0,0.0007127583749109052,,0.0,,0.0,0.00035650623885918,2805,60
1,2804,0,0.00035650623885918,1.0,0.0007127583749109052,,0.0,,0.0,0.00035650623885918,2805,65
1,2804,0,0.00035650623885918,1.0,0.0007127583749109052,,0.0,,0.0,0.00035650623885918,2805,70
1,2804,0,0.00035650623885918,1.0,0.0007127583749109052,,0.0,,0.0,0.00035650623885918,2805,75
1,2804,0,0.00035650623885918,1.0,0.0007127583749109052,,0.0,,0.0,0.00035650623885918,2805,80
0,2804,0,0.0,0.0,0.0,,0.0,,0.0,0.0,2804,85
0,2804,0,0.0,0.0,0.0,,0.0,,0.0,0.0,2804,90
0,2804,0,0.0,0.0,0.0,,0.0,,0.0,0.0,2804,95
