TP,FP,FN,precision,recall,F1,corr_reads_mapped,L1_f_unique_weighted_reads_mapped,corr_ave_abund,L1_average_abund_reads_mapped_div_gene_len,percent_correct_predictions,total_number_of_predictions,filter_threshold
10589,2501,26165,0.8089381207028266,0.28810469608750067,0.4248856432068052,0.32881033985770636,0.6985433866865044,0.29571390221823923,0.617216616935906,0.8089381207028266,13090,0
4338,2501,3006,0.6343032607106303,0.5906862745098039,0.6117182542480435,0.3365785586890131,0.5297290793876668,0.26616505024334447,0.3170038498454316,0.6343032607106303,6839,5
1712,2501,518,0.4063612627581296,0.7677130044843049,0.5314294583268664,0.37953541929637946,0.49784607540666237,0.2573717060209406,0.2565550141983973,0.4063612627581296,4213,10
534,2501,93,0.1759472817133443,0.8516746411483254,0.2916439104314582,0.4902349587120643,0.4751623141728071,0.3583790479619828,0.23573647156210908,0.1759472817133443,3035,15
173,2501,22,0.06469708302169035,0.8871794871794871,0.12059951202509585,0.45416216185620906,0.4594028745531,0.36295298382109803,0.23360281431383773,0.06469708302169035,2674,20
58,2501,5,0.022665103556076593,0.9206349206349206,0.04424103737604882,0.42211246077891834,0.4286852578128893,0.3831025420968161,0.242207487657019,0.022665103556076593,2559,25
26,2501,1,0.010288880094974277,0.9629629629629629,0.020360219263899762,0.37663853266316893,0.3513532550693444,0.46327081580095825,0.20847369249816078,0.010288880094974277,2527,30
12,2501,1,0.00477516912057302,0.9230769230769231,0.009501187648456057,0.13994333245082485,0.3823108570807653,0.5155039250076189,0.21183477098856698,0.00477516912057302,2513,35
4,2501,0,0.0015968063872255488,1.0,0.003188521323236349,0.9767620642498349,0.05523075221050658,0.2183022766335648,0.08460116079461183,0.0015968063872255488,2505,40
4,2501,0,0.0015968063872255488,1.0,0.003188521323236349,0.9767620642498349,0.05523075221050658,0.2183022766335648,0.08460116079461183,0.0015968063872255488,2505,45
3,2501,0,0.0011980830670926517,1.0,0.002393298763462306,0.9718276128589487,0.0396825396825396,0.32974896623785016,0.08137274540385553,0.0011980830670926517,2504,50
2,2501,0,0.0007990411506192569,1.0,0.0015968063872255488,1.0,0.05108406404048338,1.0,0.05792495231570266,0.0007990411506192569,2503,55
2,2501,0,0.0007990411506192569,1.0,0.0015968063872255488,1.0,0.05108406404048338,1.0,0.05792495231570266,0.0007990411506192569,2503,60
2,2501,0,0.0007990411506192569,1.0,0.0015968063872255488,1.0,0.05108406404048338,1.0,0.05792495231570266,0.0007990411506192569,2503,65
2,2501,0,0.0007990411506192569,1.0,0.0015968063872255488,1.0,0.05108406404048338,1.0,0.05792495231570266,0.0007990411506192569,2503,70
1,2501,0,0.0003996802557953637,1.0,0.000799041150619257,,0.0,,0.0,0.0003996802557953637,2502,75
1,2501,0,0.0003996802557953637,1.0,0.000799041150619257,,0.0,,0.0,0.0003996802557953637,2502,80
1,2501,0,0.0003996802557953637,1.0,0.000799041150619257,,0.0,,0.0,0.0003996802557953637,2502,85
0,2501,0,0.0,0.0,0.0,,0.0,,0.0,0.0,2501,90
0,2501,0,0.0,0.0,0.0,,0.0,,0.0,0.0,2501,95
