TP,FP,FN,precision,recall,F1,corr_reads_mapped,L1_f_unique_weighted_reads_mapped,corr_ave_abund,L1_average_abund_reads_mapped_div_gene_len,percent_correct_predictions,total_number_of_predictions,filter_threshold
4915,3662,30497,0.5730441879445027,0.1387947588388117,0.223464957148378,0.2810762951535042,0.9820144102778454,-0.010268788807690287,0.7478658796604805,0.5730441879445027,8577,0
2029,3662,5255,0.35652785099279566,0.278555738605162,0.3127552986512524,0.32115406306550365,0.927404873169788,-0.08179099626707678,0.5991411241929636,0.35652785099279566,5691,5
671,3662,727,0.15485806600507732,0.4799713876967096,0.23416506717850288,0.29057369132277305,0.9427231674177443,-0.18346215245956,0.580729797749747,0.15485806600507732,4333,10
295,3662,151,0.07455142784938085,0.6614349775784754,0.13399954576425166,0.30033933892360004,0.9847063729999538,-0.31723212405161677,0.556846543380621,0.07455142784938085,3957,15
149,3662,43,0.03909734977696143,0.7760416666666666,0.07444416687484387,0.3161147784707216,0.9653438101461831,-0.39370413650502056,0.5289096910584257,0.03909734977696143,3811,20
76,3662,15,0.020331728196896735,0.8351648351648352,0.03969704883781666,0.2531099539707923,0.9333379469509601,-0.3792333488394892,0.5246403888146906,0.020331728196896735,3738,25
44,3662,6,0.011872638963842417,0.88,0.023429179978700743,0.08740248544048333,0.8858629032196339,-0.41869302305763517,0.5446899960456705,0.011872638963842417,3706,30
29,3662,4,0.007856949336223246,0.8787878787878788,0.015574650912996778,-0.23226771513719122,0.8976661408543628,-0.3457630977152543,0.5427489932413392,0.007856949336223246,3691,35
20,3662,3,0.005431830526887561,0.8695652173913043,0.010796221322537112,-0.06187695775979083,0.7714238957229594,-0.4690667900042696,0.47400077093940435,0.005431830526887561,3682,40
7,3662,1,0.0019078768056691197,0.875,0.003807451726951319,-0.0030509821098080427,0.6726982268196479,-0.2640031953066454,0.4219661248667985,0.0019078768056691197,3669,45
3,3662,1,0.0008185538881309686,0.75,0.0016353229762878167,0.9985066257783867,0.5532852564102692,-0.8733003194710888,0.23564293250068102,0.0008185538881309686,3665,50
1,3662,1,0.000273000273000273,0.5,0.0005457025920873125,,0.0,,0.0,0.000273000273000273,3663,55
0,3662,1,0.0,0.0,0.0,,0.0,,0.0,0.0,3662,60
0,3662,0,0.0,0.0,0.0,,0.0,,0.0,0.0,3662,65
0,3662,0,0.0,0.0,0.0,,0.0,,0.0,0.0,3662,70
0,3662,0,0.0,0.0,0.0,,0.0,,0.0,0.0,3662,75
0,3662,0,0.0,0.0,0.0,,0.0,,0.0,0.0,3662,80
0,3662,0,0.0,0.0,0.0,,0.0,,0.0,0.0,3662,85
0,3662,0,0.0,0.0,0.0,,0.0,,0.0,0.0,3662,90
0,3662,0,0.0,0.0,0.0,,0.0,,0.0,0.0,3662,95
