TP,FP,FN,precision,recall,F1,corr_reads_mapped,L1_f_unique_weighted_reads_mapped,corr_ave_abund,L1_average_abund_reads_mapped_div_gene_len,percent_correct_predictions,total_number_of_predictions,filter_threshold
4764,2762,19835,0.6330055806537337,0.19366640920362616,0.296591439688716,0.2367287886271689,0.5877811366187875,0.17652956407700932,0.4891985966177811,0.6330055806537337,7526,0
223,2762,181,0.0747068676716918,0.551980198019802,0.1316022425494246,0.3590618687469407,0.5127517820644388,0.29046577798415796,0.35225378507011895,0.0747068676716918,2985,5
6,2762,3,0.002167630057803468,0.6666666666666666,0.004321209938782858,0.6599545966855682,0.10050675675675674,0.8414386389366203,0.2993144650552362,0.002167630057803468,2768,10
1,2762,1,0.0003619254433586681,0.5,0.0007233273056057866,,0.0,,0.0,0.0003619254433586681,2763,15
0,2762,0,0.0,0.0,0.0,,0.0,,0.0,0.0,2762,20
0,2762,0,0.0,0.0,0.0,,0.0,,0.0,0.0,2762,25
0,2762,0,0.0,0.0,0.0,,0.0,,0.0,0.0,2762,30
0,2762,0,0.0,0.0,0.0,,0.0,,0.0,0.0,2762,35
0,2762,0,0.0,0.0,0.0,,0.0,,0.0,0.0,2762,40
0,2762,0,0.0,0.0,0.0,,0.0,,0.0,0.0,2762,45
0,2762,0,0.0,0.0,0.0,,0.0,,0.0,0.0,2762,50
0,2762,0,0.0,0.0,0.0,,0.0,,0.0,0.0,2762,55
0,2762,0,0.0,0.0,0.0,,0.0,,0.0,0.0,2762,60
0,2762,0,0.0,0.0,0.0,,0.0,,0.0,0.0,2762,65
0,2762,0,0.0,0.0,0.0,,0.0,,0.0,0.0,2762,70
0,2762,0,0.0,0.0,0.0,,0.0,,0.0,0.0,2762,75
0,2762,0,0.0,0.0,0.0,,0.0,,0.0,0.0,2762,80
0,2762,0,0.0,0.0,0.0,,0.0,,0.0,0.0,2762,85
0,2762,0,0.0,0.0,0.0,,0.0,,0.0,0.0,2762,90
0,2762,0,0.0,0.0,0.0,,0.0,,0.0,0.0,2762,95
