TP,FP,FN,precision,recall,F1,corr_reads_mapped,L1_f_unique_weighted_reads_mapped,corr_ave_abund,L1_average_abund_reads_mapped_div_gene_len,percent_correct_predictions,total_number_of_predictions,filter_threshold
3958,2153,17141,0.6476845033546065,0.1875918289966349,0.29092245497978686,0.29305267163016646,0.508872890127883,0.21927628015827733,0.486720759194199,0.6476845033546065,6111,0
527,2153,578,0.1966417910447761,0.47692307692307695,0.2784676354029062,0.2532352242506947,0.4656073091357166,0.1341189766844179,0.32935022769490085,0.1966417910447761,2680,5
32,2153,34,0.014645308924485127,0.48484848484848486,0.028431808085295426,0.4748262355875753,0.376295903486612,0.3997695910460705,0.2533462423867314,0.014645308924485127,2185,10
3,2153,8,0.0013914656771799629,0.2727272727272727,0.002768804799261652,0.5135902662857926,0.22349507077160327,-0.26146616669705014,0.11960513495642555,0.0013914656771799629,2156,15
2,2153,1,0.0009280742459396752,0.6666666666666666,0.0018535681186283596,1.0,0.03386809269162211,-1.0,0.04651301143686537,0.0009280742459396752,2155,20
1,2153,1,0.00046425255338904364,0.5,0.000927643784786642,,0.0,,0.0,0.00046425255338904364,2154,25
1,2153,0,0.00046425255338904364,1.0,0.0009280742459396751,,0.0,,0.0,0.00046425255338904364,2154,30
0,2153,0,0.0,0.0,0.0,,0.0,,0.0,0.0,2153,35
0,2153,0,0.0,0.0,0.0,,0.0,,0.0,0.0,2153,40
0,2153,0,0.0,0.0,0.0,,0.0,,0.0,0.0,2153,45
0,2153,0,0.0,0.0,0.0,,0.0,,0.0,0.0,2153,50
0,2153,0,0.0,0.0,0.0,,0.0,,0.0,0.0,2153,55
0,2153,0,0.0,0.0,0.0,,0.0,,0.0,0.0,2153,60
0,2153,0,0.0,0.0,0.0,,0.0,,0.0,0.0,2153,65
0,2153,0,0.0,0.0,0.0,,0.0,,0.0,0.0,2153,70
0,2153,0,0.0,0.0,0.0,,0.0,,0.0,0.0,2153,75
0,2153,0,0.0,0.0,0.0,,0.0,,0.0,0.0,2153,80
0,2153,0,0.0,0.0,0.0,,0.0,,0.0,0.0,2153,85
0,2153,0,0.0,0.0,0.0,,0.0,,0.0,0.0,2153,90
0,2153,0,0.0,0.0,0.0,,0.0,,0.0,0.0,2153,95
