TP,FP,FN,precision,recall,F1,corr_reads_mapped,L1_f_unique_weighted_reads_mapped,corr_ave_abund,L1_average_abund_reads_mapped_div_gene_len,percent_correct_predictions,total_number_of_predictions,filter_threshold
9569,2801,23244,0.7735650767987066,0.2916222228994606,0.4235663855874998,0.42740663627150943,0.5433200089452521,0.33709189560816905,0.5153878580147171,0.7735650767987066,12370,0
4716,2801,3337,0.6273779433284555,0.585620265739476,0.6057803468208092,0.39917559197980784,0.44559348615383676,0.3105638684384197,0.3845717139471043,0.6273779433284555,7517,5
1341,2801,318,0.32375663930468374,0.8083182640144665,0.46233408033097745,0.4239954628001201,0.3746714861968047,0.34231856954051526,0.3646875556765279,0.32375663930468374,4142,10
448,2801,55,0.1378885811018775,0.8906560636182903,0.2388059701492537,0.7178114718339416,0.27010268679827987,0.6858363563850854,0.2559409814666591,0.1378885811018775,3249,15
186,2801,15,0.062269835955808504,0.9253731343283582,0.11668757841907151,0.6740805261318296,0.2280908945647875,0.6717276220862755,0.18998989528957638,0.062269835955808504,2987,20
102,2801,4,0.03513606613847744,0.9622641509433962,0.06779661016949153,0.7521995892692469,0.18772752235177032,0.7692680776850245,0.16491674928681282,0.03513606613847744,2903,25
54,2801,2,0.018914185639229423,0.9642857142857143,0.03710065269666781,0.7489110635065103,0.17715942977589585,0.7216938978663504,0.1704124268735994,0.018914185639229423,2855,30
34,2801,1,0.01199294532627866,0.9714285714285714,0.023693379790940765,0.7053590351878722,0.1601419244618974,0.8354706426237521,0.16594768268354668,0.01199294532627866,2835,35
24,2801,1,0.008495575221238939,0.96,0.016842105263157898,0.7900358880318863,0.14557142857142857,0.8836737045210126,0.1738054570575081,0.008495575221238939,2825,40
14,2801,0,0.00497335701598579,1.0,0.009897490279250618,0.7036519431290016,0.15346120413021053,0.8812318446375114,0.20290689022942068,0.00497335701598579,2815,45
5,2801,0,0.001781895937277263,1.0,0.0035574528637495554,0.7260932046631889,0.13178819825026405,0.9856284745547264,0.19144710892104888,0.001781895937277263,2806,50
2,2801,0,0.0007135212272565109,1.0,0.0014260249554367203,-0.9999999999999999,0.16111515592767867,0.9999999999999999,0.23799924675249068,0.0007135212272565109,2803,55
2,2801,0,0.0007135212272565109,1.0,0.0014260249554367203,-0.9999999999999999,0.16111515592767867,0.9999999999999999,0.23799924675249068,0.0007135212272565109,2803,60
0,2801,0,0.0,0.0,0.0,,0.0,,0.0,0.0,2801,65
0,2801,0,0.0,0.0,0.0,,0.0,,0.0,0.0,2801,70
0,2801,0,0.0,0.0,0.0,,0.0,,0.0,0.0,2801,75
0,2801,0,0.0,0.0,0.0,,0.0,,0.0,0.0,2801,80
0,2801,0,0.0,0.0,0.0,,0.0,,0.0,0.0,2801,85
0,2801,0,0.0,0.0,0.0,,0.0,,0.0,0.0,2801,90
0,2801,0,0.0,0.0,0.0,,0.0,,0.0,0.0,2801,95
