TP,FP,FN,precision,recall,F1,corr_reads_mapped,L1_f_unique_weighted_reads_mapped,corr_ave_abund,L1_average_abund_reads_mapped_div_gene_len,percent_correct_predictions,total_number_of_predictions,filter_threshold
3967,1413,12328,0.7373605947955391,0.2434489107088064,0.3660438292964245,0.34297708311340147,0.6459145006549105,0.15553958111882824,0.5795862992480387,0.7373605947955391,5380,0
441,1413,633,0.23786407766990292,0.4106145251396648,0.30122950819672134,0.20705196313303945,0.5869479848665187,-0.024186059598090476,0.452694179298628,0.23786407766990292,1854,5
44,1413,242,0.030199039121482498,0.15384615384615385,0.050487664945496266,0.13632761371794416,0.4582383007966359,0.058021105136385566,0.3612991153862653,0.030199039121482498,1457,10
11,1413,206,0.007724719101123595,0.05069124423963134,0.013406459475929312,0.3645380285396304,0.299362485408791,0.013243875397674439,0.2871797710598782,0.007724719101123595,1424,15
0,1413,164,0.0,0.0,0.0,,0.0,,0.0,0.0,1413,20
0,1413,139,0.0,0.0,0.0,,0.0,,0.0,0.0,1413,25
0,1413,109,0.0,0.0,0.0,,0.0,,0.0,0.0,1413,30
0,1413,88,0.0,0.0,0.0,,0.0,,0.0,0.0,1413,35
0,1413,78,0.0,0.0,0.0,,0.0,,0.0,0.0,1413,40
0,1413,59,0.0,0.0,0.0,,0.0,,0.0,0.0,1413,45
0,1413,51,0.0,0.0,0.0,,0.0,,0.0,0.0,1413,50
0,1413,39,0.0,0.0,0.0,,0.0,,0.0,0.0,1413,55
0,1413,30,0.0,0.0,0.0,,0.0,,0.0,0.0,1413,60
0,1413,22,0.0,0.0,0.0,,0.0,,0.0,0.0,1413,65
0,1413,17,0.0,0.0,0.0,,0.0,,0.0,0.0,1413,70
0,1413,11,0.0,0.0,0.0,,0.0,,0.0,0.0,1413,75
0,1413,8,0.0,0.0,0.0,,0.0,,0.0,0.0,1413,80
0,1413,8,0.0,0.0,0.0,,0.0,,0.0,0.0,1413,85
0,1413,7,0.0,0.0,0.0,,0.0,,0.0,0.0,1413,90
0,1413,4,0.0,0.0,0.0,,0.0,,0.0,0.0,1413,95
