TP,FP,FN,precision,recall,F1,corr_reads_mapped,L1_f_unique_weighted_reads_mapped,corr_ave_abund,L1_average_abund_reads_mapped_div_gene_len,percent_correct_predictions,total_number_of_predictions,filter_threshold
4800,3675,30981,0.5663716814159292,0.13414940890416702,0.21691973969631237,0.3289796618306213,1.0014065463331603,-0.04145685268138359,0.7442447107967373,0.5663716814159292,8475,0
1993,3675,6010,0.35162314749470713,0.2490316131450706,0.29156608880111184,0.5091523742946609,0.9246117811122565,-0.13898135806219378,0.5536506514486181,0.35162314749470713,5668,5
614,3675,1265,0.1431569130333411,0.32676955827567855,0.19909208819714655,0.6037812354794945,0.9355831829659773,-0.23295566476608331,0.5446428857845709,0.1431569130333411,4289,10
161,3675,292,0.041970802919708027,0.3554083885209713,0.07507577523898344,0.6649723528075425,0.8833420734595123,-0.3398554868502574,0.5411442657169249,0.041970802919708027,3836,15
51,3675,91,0.013687600644122383,0.3591549295774648,0.026370217166494313,0.7300394771340901,0.7605465617573365,-0.454095013207822,0.5795689360085012,0.013687600644122383,3726,20
20,3675,34,0.005412719891745603,0.37037037037037035,0.010669511869831956,0.7820549388149888,0.5236201102646546,-0.41025233243306175,0.5321931917055077,0.005412719891745603,3695,25
11,3675,11,0.002984264785675529,0.5,0.005933117583603021,0.6926654240625012,0.3982168332367189,-0.14073342340339723,0.36377163121415523,0.002984264785675529,3686,30
5,3675,2,0.001358695652173913,0.7142857142857143,0.0027122321670735015,0.6296469440070582,0.3471061622498334,-0.9310342608781359,0.4791903153165365,0.001358695652173913,3680,35
3,3675,1,0.0008156606851549756,0.75,0.0016295491580662685,0.6231612273224533,0.2775014459225106,-0.9196060023648585,0.44374586839988106,0.0008156606851549756,3678,40
3,3675,0,0.0008156606851549756,1.0,0.0016299918500407497,0.6231612273224533,0.2775014459225106,-0.9196060023648585,0.44374586839988106,0.0008156606851549756,3678,45
3,3675,0,0.0008156606851549756,1.0,0.0016299918500407497,0.6231612273224533,0.2775014459225106,-0.9196060023648585,0.44374586839988106,0.0008156606851549756,3678,50
2,3675,0,0.0005439216752787598,1.0,0.0010872519706441968,1.0,0.3381894644723954,-1.0,0.46408686323833104,0.0005439216752787598,3677,55
1,3675,0,0.0002720348204570185,1.0,0.0005439216752787598,,0.0,,0.0,0.0002720348204570185,3676,60
1,3675,0,0.0002720348204570185,1.0,0.0005439216752787598,,0.0,,0.0,0.0002720348204570185,3676,65
0,3675,0,0.0,0.0,0.0,,0.0,,0.0,0.0,3675,70
0,3675,0,0.0,0.0,0.0,,0.0,,0.0,0.0,3675,75
0,3675,0,0.0,0.0,0.0,,0.0,,0.0,0.0,3675,80
0,3675,0,0.0,0.0,0.0,,0.0,,0.0,0.0,3675,85
0,3675,0,0.0,0.0,0.0,,0.0,,0.0,0.0,3675,90
0,3675,0,0.0,0.0,0.0,,0.0,,0.0,0.0,3675,95
