TP,FP,FN,precision,recall,F1,corr_reads_mapped,L1_f_unique_weighted_reads_mapped,corr_ave_abund,L1_average_abund_reads_mapped_div_gene_len,percent_correct_predictions,total_number_of_predictions,filter_threshold
4774,1921,17326,0.7130694548170277,0.2160180995475113,0.33158534467789547,0.17993224655381365,0.5992530356494143,0.1426596812451514,0.4840577259318595,0.7130694548170277,6695,0
330,1921,176,0.14660151043980454,0.6521739130434783,0.2393906420021763,0.27608881821096537,0.43868196769642387,0.3001963322050021,0.34600662228787993,0.14660151043980454,2251,5
4,1921,21,0.002077922077922078,0.16,0.004102564102564103,0.9144815260965818,0.2242424242424243,-0.2397020068585589,0.40873637253309664,0.002077922077922078,1925,10
2,1921,6,0.0010400416016640667,0.25,0.002071465561885034,1.0,0.14384236453201976,1.0,0.033376971759422,0.0010400416016640667,1923,15
0,1921,1,0.0,0.0,0.0,,0.0,,0.0,0.0,1921,20
0,1921,0,0.0,0.0,0.0,,0.0,,0.0,0.0,1921,25
0,1921,0,0.0,0.0,0.0,,0.0,,0.0,0.0,1921,30
0,1921,0,0.0,0.0,0.0,,0.0,,0.0,0.0,1921,35
0,1921,0,0.0,0.0,0.0,,0.0,,0.0,0.0,1921,40
0,1921,0,0.0,0.0,0.0,,0.0,,0.0,0.0,1921,45
0,1921,0,0.0,0.0,0.0,,0.0,,0.0,0.0,1921,50
0,1921,0,0.0,0.0,0.0,,0.0,,0.0,0.0,1921,55
0,1921,0,0.0,0.0,0.0,,0.0,,0.0,0.0,1921,60
0,1921,0,0.0,0.0,0.0,,0.0,,0.0,0.0,1921,65
0,1921,0,0.0,0.0,0.0,,0.0,,0.0,0.0,1921,70
0,1921,0,0.0,0.0,0.0,,0.0,,0.0,0.0,1921,75
0,1921,0,0.0,0.0,0.0,,0.0,,0.0,0.0,1921,80
0,1921,0,0.0,0.0,0.0,,0.0,,0.0,0.0,1921,85
0,1921,0,0.0,0.0,0.0,,0.0,,0.0,0.0,1921,90
0,1921,0,0.0,0.0,0.0,,0.0,,0.0,0.0,1921,95
