TP,FP,FN,precision,recall,F1,corr_reads_mapped,L1_f_unique_weighted_reads_mapped,corr_ave_abund,L1_average_abund_reads_mapped_div_gene_len,percent_correct_predictions,total_number_of_predictions,filter_threshold
9681,3676,24894,0.7247885004117691,0.28,0.4039472586163732,0.45099261733829055,0.6631761236326106,0.42210749631574085,0.6382205209619891,0.7247885004117691,13357,0
3121,3676,2474,0.4591731646314551,0.5578194816800714,0.5037120723047127,0.5703531499304427,0.5082869031056712,0.46561748075334897,0.39048163461958063,0.4591731646314551,6797,5
1096,3676,437,0.22967309304274938,0.7149380300065231,0.34766058683584455,0.557124724881583,0.46773976085704116,0.457616643688821,0.31051248729144176,0.22967309304274938,4772,10
493,3676,204,0.11825377788438475,0.7073170731707317,0.20263049732840116,0.5089422539518028,0.4483203725194356,0.4206242110749081,0.2700526795059859,0.11825377788438475,4169,15
242,3676,149,0.061766207248596224,0.618925831202046,0.11232304478997447,0.4244985539172418,0.45583981578046534,0.35735449680714626,0.27157620701812846,0.061766207248596224,3918,20
120,3676,116,0.03161222339304531,0.5084745762711864,0.05952380952380953,0.2702757925966792,0.4622058194478518,0.36217469899701127,0.2786458789381738,0.03161222339304531,3796,25
63,3676,95,0.01684942497994116,0.3987341772151899,0.032332563510392605,0.19445697773449952,0.48496171310636044,0.1491066748202551,0.28309167454188855,0.01684942497994116,3739,30
38,3676,77,0.010231556273559504,0.33043478260869563,0.01984852441890833,0.19187647817946096,0.47760471587569114,0.22739161214315962,0.29677128944395115,0.010231556273559504,3714,35
18,3676,57,0.004872766648619383,0.24,0.009551605200318386,0.5764662641688529,0.40284809692366885,0.5324279952608282,0.2099591045421349,0.004872766648619383,3694,40
9,3676,45,0.0024423337856173677,0.16666666666666666,0.0048141214228403315,0.5128753966176988,0.3429624400812953,0.4332759624848099,0.24804302404116557,0.0024423337856173677,3685,45
6,3676,37,0.0016295491580662683,0.13953488372093023,0.0032214765100671144,0.3019371920738826,0.34612434884262233,0.41851219761586733,0.3127419253081414,0.0016295491580662683,3682,50
3,3676,32,0.0008154389779831476,0.08571428571428572,0.001615508885298869,-0.2769586141520195,0.4172413793101136,0.6201729686186075,0.3490357147664261,0.0008154389779831476,3679,55
1,3676,25,0.0002719608376393799,0.038461538461538464,0.0005401026194977044,,0.0,,0.0,0.0002719608376393799,3677,60
1,3676,16,0.0002719608376393799,0.058823529411764705,0.0005414185165132647,,0.0,,0.0,0.0002719608376393799,3677,65
1,3676,13,0.0002719608376393799,0.07142857142857142,0.0005418585749119479,,0.0,,0.0,0.0002719608376393799,3677,70
1,3676,8,0.0002719608376393799,0.1111111111111111,0.0005425935973955507,,0.0,,0.0,0.0002719608376393799,3677,75
0,3676,4,0.0,0.0,0.0,,0.0,,0.0,0.0,3676,80
0,3676,4,0.0,0.0,0.0,,0.0,,0.0,0.0,3676,85
0,3676,4,0.0,0.0,0.0,,0.0,,0.0,0.0,3676,90
0,3676,2,0.0,0.0,0.0,,0.0,,0.0,0.0,3676,95
