TP,FP,FN,precision,recall,F1,corr_reads_mapped,L1_f_unique_weighted_reads_mapped,corr_ave_abund,L1_average_abund_reads_mapped_div_gene_len,percent_correct_predictions,total_number_of_predictions,filter_threshold
9682,1609,25478,0.8574971216012753,0.2753697383390216,0.41686938924888595,0.49505761135396137,0.6737083033994441,0.4160415111232083,0.4636917949224145,0.8574971216012753,11291,0
3629,1609,4617,0.6928216876670485,0.4400921658986175,0.5382675763868289,0.3947295207554349,0.6426600541470626,0.2738191273631471,0.3856496609141588,0.6928216876670485,5238,5
828,1609,927,0.3397620024620435,0.4717948717948718,0.3950381679389314,0.22855493945314242,0.6008353159644269,0.012596415679993773,0.42612764702113826,0.3397620024620435,2437,10
215,1609,266,0.11787280701754387,0.446985446985447,0.18655097613882865,0.28038488435291364,0.5803039508848444,-0.07978183532627978,0.44792068226066517,0.11787280701754387,1824,15
67,1609,118,0.03997613365155131,0.3621621621621622,0.07200429876410532,0.23278111979954635,0.5908494104099753,-0.0006836404939597272,0.4418655832249406,0.03997613365155131,1676,20
26,1609,64,0.015902140672782873,0.28888888888888886,0.030144927536231877,0.5490944449223275,0.49187776939464267,0.2457977824053297,0.3534779025320247,0.015902140672782873,1635,25
11,1609,47,0.006790123456790123,0.1896551724137931,0.013110846245530394,0.9065906109578877,0.4148532494758904,0.6099597484840033,0.2420425551533064,0.006790123456790123,1620,30
6,1609,33,0.0037151702786377707,0.15384615384615385,0.007255139056831923,0.9774039784330356,0.5026990553306336,0.6578399226277609,0.38500085104338255,0.0037151702786377707,1615,35
2,1609,20,0.0012414649286157666,0.09090909090909091,0.002449479485609308,1.0,0.37559931108318156,-1.0,0.4515839700691083,0.0012414649286157666,1611,40
1,1609,13,0.0006211180124223603,0.07142857142857142,0.0012315270935960593,,0.0,,0.0,0.0006211180124223603,1610,45
1,1609,9,0.0006211180124223603,0.1,0.0012345679012345679,,0.0,,0.0,0.0006211180124223603,1610,50
1,1609,3,0.0006211180124223603,0.25,0.0012391573729863693,,0.0,,0.0,0.0006211180124223603,1610,55
0,1609,2,0.0,0.0,0.0,,0.0,,0.0,0.0,1609,60
0,1609,0,0.0,0.0,0.0,,0.0,,0.0,0.0,1609,65
0,1609,0,0.0,0.0,0.0,,0.0,,0.0,0.0,1609,70
0,1609,0,0.0,0.0,0.0,,0.0,,0.0,0.0,1609,75
0,1609,0,0.0,0.0,0.0,,0.0,,0.0,0.0,1609,80
0,1609,0,0.0,0.0,0.0,,0.0,,0.0,0.0,1609,85
0,1609,0,0.0,0.0,0.0,,0.0,,0.0,0.0,1609,90
0,1609,0,0.0,0.0,0.0,,0.0,,0.0,0.0,1609,95
