TP,FP,FN,precision,recall,F1,corr_reads_mapped,L1_f_unique_weighted_reads_mapped,corr_ave_abund,L1_average_abund_reads_mapped_div_gene_len,percent_correct_predictions,total_number_of_predictions,filter_threshold
8662,2494,26130,0.7764431695948368,0.24896527937456886,0.3770349090275964,0.573575177700836,0.6927703244902087,0.5430786737863503,0.6781018947402914,0.7764431695948368,11156,0
3585,2494,4000,0.5897351538081922,0.47264337508239945,0.5247365339578455,0.6046896366192297,0.4723567248035889,0.6758285297475043,0.5013014324960596,0.5897351538081922,6079,5
1146,2494,655,0.3148351648351648,0.6363131593559134,0.42124609446792866,0.709575445893046,0.33164284682102463,0.7529413923236777,0.3894972608985189,0.3148351648351648,3640,10
595,2494,138,0.19261897054062804,0.8117326057298773,0.31135531135531136,0.8423910648766932,0.23798111219471596,0.8421042544458169,0.18381006362081687,0.19261897054062804,3089,15
437,2494,25,0.14909587171613783,0.9458874458874459,0.2575891541408783,0.8579198416164805,0.20639894458429306,0.824945447445893,0.13079964945471398,0.14909587171613783,2931,20
340,2494,4,0.11997177134791814,0.9883720930232558,0.2139710509754563,0.8612103558725275,0.185953563999331,0.8019919589324395,0.10844896170406666,0.11997177134791814,2834,25
259,2494,2,0.09407918634217217,0.9923371647509579,0.1718646317186463,0.904305550851985,0.1628455197886549,0.8026158899002283,0.09999245062887271,0.09407918634217217,2753,30
193,2494,1,0.0718273167100856,0.9948453608247423,0.1339812565081569,0.8957464508961385,0.1535454032804781,0.8038695234144212,0.09172386203302506,0.0718273167100856,2687,35
147,2494,1,0.05566073457023855,0.9932432432432432,0.10541412692721407,0.89073463323655,0.15254861690027244,0.7574119069777567,0.08326452026796387,0.05566073457023855,2641,40
99,2494,1,0.03817971461627458,0.99,0.07352395098403268,0.8805847269280673,0.15208214927640942,0.724030737200921,0.08003639426890509,0.03817971461627458,2593,45
72,2494,1,0.028059236165237724,0.9863013698630136,0.054566123531640774,0.8641795483986422,0.1483081670660188,0.7349329211814571,0.07559226349629261,0.028059236165237724,2566,50
53,2494,0,0.020808794660384766,1.0,0.040769230769230766,0.8433456209935014,0.14724301422423774,0.7658896879030032,0.07046589514932092,0.020808794660384766,2547,55
38,2494,0,0.015007898894154818,1.0,0.029571984435797664,0.8111549551420272,0.14276309923015068,0.7192352165022957,0.07219405999327483,0.015007898894154818,2532,60
29,2494,0,0.011494252873563218,1.0,0.022727272727272724,0.8274466949724018,0.1071612591409832,0.9275795752151091,0.051294845101787466,0.011494252873563218,2523,65
26,2494,0,0.010317460317460317,1.0,0.0204241948153967,0.8065160187053513,0.09876272957373,0.9293468939630706,0.051824800723156296,0.010317460317460317,2520,70
21,2494,0,0.008349900596421472,1.0,0.016561514195583597,0.8040064150790026,0.10256353711968244,0.8466283174017262,0.042908638059615076,0.008349900596421472,2515,75
15,2494,0,0.005978477481068154,1.0,0.011885895404120444,0.7188462100184082,0.11698050589313404,0.8465539729241759,0.035034197288876,0.005978477481068154,2509,80
13,2494,0,0.005185480654168329,1.0,0.010317460317460319,0.7585146373391309,0.11327475837189603,0.8545792422658209,0.034163520224138405,0.005185480654168329,2507,85
10,2494,0,0.003993610223642172,1.0,0.007955449482895782,0.7076697456599548,0.09584750324552864,0.95220004920623,0.026429857428696718,0.003993610223642172,2504,90
9,2494,0,0.003595685177786656,1.0,0.0071656050955414006,0.7361282494149396,0.09493640817685979,0.9696897649688583,0.025339514496420495,0.003595685177786656,2503,95
