TP,FP,FN,precision,recall,F1,corr_reads_mapped,L1_f_unique_weighted_reads_mapped,corr_ave_abund,L1_average_abund_reads_mapped_div_gene_len,percent_correct_predictions,total_number_of_predictions,filter_threshold
4360,2419,20239,0.6431627083640655,0.1772429773568031,0.27790171457709223,0.21653425422534414,0.5138360207406034,0.16985827394093989,0.4762264820572364,0.6431627083640655,6779,0
229,2419,175,0.08648036253776435,0.5668316831683168,0.15006553079947577,0.45632332873217557,0.38505694317573735,0.25532123759524766,0.35225393043570685,0.08648036253776435,2648,5
6,2419,3,0.002474226804123711,0.6666666666666666,0.0049301561216105174,0.17022407970992418,0.1794433839043504,0.6750542345098332,0.2925485986862676,0.002474226804123711,2425,10
1,2419,1,0.00041322314049586776,0.5,0.0008257638315441783,,0.0,,0.0,0.00041322314049586776,2420,15
0,2419,0,0.0,0.0,0.0,,0.0,,0.0,0.0,2419,20
0,2419,0,0.0,0.0,0.0,,0.0,,0.0,0.0,2419,25
0,2419,0,0.0,0.0,0.0,,0.0,,0.0,0.0,2419,30
0,2419,0,0.0,0.0,0.0,,0.0,,0.0,0.0,2419,35
0,2419,0,0.0,0.0,0.0,,0.0,,0.0,0.0,2419,40
0,2419,0,0.0,0.0,0.0,,0.0,,0.0,0.0,2419,45
0,2419,0,0.0,0.0,0.0,,0.0,,0.0,0.0,2419,50
0,2419,0,0.0,0.0,0.0,,0.0,,0.0,0.0,2419,55
0,2419,0,0.0,0.0,0.0,,0.0,,0.0,0.0,2419,60
0,2419,0,0.0,0.0,0.0,,0.0,,0.0,0.0,2419,65
0,2419,0,0.0,0.0,0.0,,0.0,,0.0,0.0,2419,70
0,2419,0,0.0,0.0,0.0,,0.0,,0.0,0.0,2419,75
0,2419,0,0.0,0.0,0.0,,0.0,,0.0,0.0,2419,80
0,2419,0,0.0,0.0,0.0,,0.0,,0.0,0.0,2419,85
0,2419,0,0.0,0.0,0.0,,0.0,,0.0,0.0,2419,90
0,2419,0,0.0,0.0,0.0,,0.0,,0.0,0.0,2419,95
