TP,FP,FN,precision,recall,F1,corr_reads_mapped,L1_f_unique_weighted_reads_mapped,corr_ave_abund,L1_average_abund_reads_mapped_div_gene_len,percent_correct_predictions,total_number_of_predictions,filter_threshold
3033,4381,18081,0.4090909090909091,0.14364876385336744,0.21263320246775097,0.3064729754959578,0.942349826438984,-0.09949595565003326,0.6609194507403545,0.4090909090909091,7414,0
336,4381,752,0.0712317150731397,0.3088235294117647,0.1157622739018088,0.5642858138826079,0.9296299874063682,-0.32304521976865885,0.5461967527945171,0.0712317150731397,4717,5
21,4381,23,0.004770558836892321,0.4772727272727273,0.009446693657219974,0.5029042795864234,0.6414007750209147,-0.5470157576399937,0.552786183634789,0.004770558836892321,4402,10
4,4381,1,0.0009122006841505131,0.8,0.0018223234624145785,0.933479067440327,0.4606248144154306,-0.41926914134048465,0.3748250436042855,0.0009122006841505131,4385,15
1,4381,0,0.00022820629849383843,1.0,0.00045630846452201693,,0.0,,0.0,0.00022820629849383843,4382,20
0,4381,0,0.0,0.0,0.0,,0.0,,0.0,0.0,4381,25
0,4381,0,0.0,0.0,0.0,,0.0,,0.0,0.0,4381,30
0,4381,0,0.0,0.0,0.0,,0.0,,0.0,0.0,4381,35
0,4381,0,0.0,0.0,0.0,,0.0,,0.0,0.0,4381,40
0,4381,0,0.0,0.0,0.0,,0.0,,0.0,0.0,4381,45
0,4381,0,0.0,0.0,0.0,,0.0,,0.0,0.0,4381,50
0,4381,0,0.0,0.0,0.0,,0.0,,0.0,0.0,4381,55
0,4381,0,0.0,0.0,0.0,,0.0,,0.0,0.0,4381,60
0,4381,0,0.0,0.0,0.0,,0.0,,0.0,0.0,4381,65
0,4381,0,0.0,0.0,0.0,,0.0,,0.0,0.0,4381,70
0,4381,0,0.0,0.0,0.0,,0.0,,0.0,0.0,4381,75
0,4381,0,0.0,0.0,0.0,,0.0,,0.0,0.0,4381,80
0,4381,0,0.0,0.0,0.0,,0.0,,0.0,0.0,4381,85
0,4381,0,0.0,0.0,0.0,,0.0,,0.0,0.0,4381,90
0,4381,0,0.0,0.0,0.0,,0.0,,0.0,0.0,4381,95
