TP,FP,FN,precision,recall,F1,corr_reads_mapped,L1_f_unique_weighted_reads_mapped,corr_ave_abund,L1_average_abund_reads_mapped_div_gene_len,percent_correct_predictions,total_number_of_predictions,filter_threshold
4772,2041,16018,0.700425656832526,0.22953342953342953,0.345759518892874,0.3129627474040962,0.5939588644321465,0.25770238746662305,0.5274281092192018,0.700425656832526,6813,0
844,2041,394,0.2925476603119584,0.6817447495961227,0.4094106233325248,0.459876346512316,0.46561145629228684,0.3372718763085369,0.2894837405630057,0.2925476603119584,2885,5
53,2041,6,0.025310410697230182,0.8983050847457628,0.0492336274965165,0.4124973638553435,0.43091621213695774,0.6036772326893002,0.19218754977677704,0.025310410697230182,2094,10
6,2041,1,0.0029311187103077674,0.8571428571428571,0.005842259006815969,0.7322262308033665,0.19880846581758543,0.9783802020937431,0.18392700632349138,0.0029311187103077674,2047,15
2,2041,0,0.0009789525208027412,1.0,0.0019559902200488996,1.0,0.06144067796633773,1.0,0.11599442860539727,0.0009789525208027412,2043,20
1,2041,0,0.0004897159647404506,1.0,0.0009789525208027412,,0.0,,0.0,0.0004897159647404506,2042,25
1,2041,0,0.0004897159647404506,1.0,0.0009789525208027412,,0.0,,0.0,0.0004897159647404506,2042,30
1,2041,0,0.0004897159647404506,1.0,0.0009789525208027412,,0.0,,0.0,0.0004897159647404506,2042,35
0,2041,0,0.0,0.0,0.0,,0.0,,0.0,0.0,2041,40
0,2041,0,0.0,0.0,0.0,,0.0,,0.0,0.0,2041,45
0,2041,0,0.0,0.0,0.0,,0.0,,0.0,0.0,2041,50
0,2041,0,0.0,0.0,0.0,,0.0,,0.0,0.0,2041,55
0,2041,0,0.0,0.0,0.0,,0.0,,0.0,0.0,2041,60
0,2041,0,0.0,0.0,0.0,,0.0,,0.0,0.0,2041,65
0,2041,0,0.0,0.0,0.0,,0.0,,0.0,0.0,2041,70
0,2041,0,0.0,0.0,0.0,,0.0,,0.0,0.0,2041,75
0,2041,0,0.0,0.0,0.0,,0.0,,0.0,0.0,2041,80
0,2041,0,0.0,0.0,0.0,,0.0,,0.0,0.0,2041,85
0,2041,0,0.0,0.0,0.0,,0.0,,0.0,0.0,2041,90
0,2041,0,0.0,0.0,0.0,,0.0,,0.0,0.0,2041,95
