TP,FP,FN,precision,recall,F1,corr_reads_mapped,L1_f_unique_weighted_reads_mapped,corr_ave_abund,L1_average_abund_reads_mapped_div_gene_len,percent_correct_predictions,total_number_of_predictions,filter_threshold
4474,2317,15980,0.6588131350316595,0.21873472181480394,0.3284272343549275,0.5088011881777212,0.6321857105577627,0.42696215643143187,0.6859577007193807,0.6588131350316595,6791,0
749,2317,427,0.24429223744292236,0.6369047619047619,0.35313531353135313,0.6009677090177519,0.34964048232406525,0.5481771547082417,0.3892300889265814,0.24429223744292236,3066,5
273,2317,12,0.10540540540540541,0.9578947368421052,0.1899130434782609,0.8074530349897051,0.22142180512057272,0.6392546959159412,0.1864381116040132,0.10540540540540541,2590,10
125,2317,0,0.05118755118755119,1.0,0.09738994935722634,0.7789077774046688,0.19715922231326355,0.6000292235088072,0.16616925442104888,0.05118755118755119,2442,15
48,2317,0,0.02029598308668076,1.0,0.03978450062163282,0.7289793680991361,0.18405010881545358,0.6717717468752786,0.16723977380239477,0.02029598308668076,2365,20
21,2317,0,0.008982035928143712,1.0,0.017804154302670624,0.6519371220320598,0.16116954549832457,0.7752625957860368,0.1166065423251615,0.008982035928143712,2338,25
12,2317,0,0.005152425933877201,1.0,0.010252029047415637,0.6276525858339749,0.1541616646658346,0.6012459529460703,0.10888916440733168,0.005152425933877201,2329,30
3,2317,0,0.001293103448275862,1.0,0.0025828669823504086,0.8513868718680163,0.1626731672513128,0.1554346477833373,0.09303625676378152,0.001293103448275862,2320,35
2,2317,0,0.0008624407072013799,1.0,0.0017233950883239985,1.0,0.18576221072390964,-1.0,0.1250979512167869,0.0008624407072013799,2319,40
1,2317,0,0.0004314063848144953,1.0,0.0008624407072013799,,0.0,,0.0,0.0004314063848144953,2318,45
0,2317,0,0.0,0.0,0.0,,0.0,,0.0,0.0,2317,50
0,2317,0,0.0,0.0,0.0,,0.0,,0.0,0.0,2317,55
0,2317,0,0.0,0.0,0.0,,0.0,,0.0,0.0,2317,60
0,2317,0,0.0,0.0,0.0,,0.0,,0.0,0.0,2317,65
0,2317,0,0.0,0.0,0.0,,0.0,,0.0,0.0,2317,70
0,2317,0,0.0,0.0,0.0,,0.0,,0.0,0.0,2317,75
0,2317,0,0.0,0.0,0.0,,0.0,,0.0,0.0,2317,80
0,2317,0,0.0,0.0,0.0,,0.0,,0.0,0.0,2317,85
0,2317,0,0.0,0.0,0.0,,0.0,,0.0,0.0,2317,90
0,2317,0,0.0,0.0,0.0,,0.0,,0.0,0.0,2317,95
