TP,FP,FN,precision,recall,F1,corr_reads_mapped,L1_f_unique_weighted_reads_mapped,corr_ave_abund,L1_average_abund_reads_mapped_div_gene_len,percent_correct_predictions,total_number_of_predictions,filter_threshold
4915,3509,30245,0.5834520417853751,0.13978953356086463,0.225541483113069,0.2694597518625234,1.006267286461961,-0.05917183081434374,0.7897812582507326,0.5834520417853751,8424,0
1537,3509,6709,0.3045977011494253,0.18639340286199368,0.23126692747517302,0.3390165083391432,0.932546709590297,-0.21006205580159934,0.5790735882933182,0.3045977011494253,5046,5
506,3509,1249,0.12602739726027398,0.2883190883190883,0.17538994800693242,0.3606143972668974,0.9326609274007613,-0.3417521170157872,0.5481721796122303,0.12602739726027398,4015,10
153,3509,328,0.0417804478427089,0.3180873180873181,0.07385952208544533,0.44812867816342883,0.883976401567046,-0.3597778982068365,0.5200111865237427,0.0417804478427089,3662,15
56,3509,129,0.01570827489481066,0.3027027027027027,0.029866666666666673,0.5581677192622595,0.8127990064020383,-0.49782189074396793,0.49842311637621717,0.01570827489481066,3565,20
26,3509,64,0.007355021216407355,0.28888888888888886,0.014344827586206896,0.48794481492193076,0.8045056572480659,-0.5886568145903022,0.5266041666295495,0.007355021216407355,3535,25
11,3509,47,0.003125,0.1896551724137931,0.006148686416992734,0.429929649135199,0.7785650384684726,-0.8596870142084819,0.5947023985278563,0.003125,3520,30
6,3509,33,0.0017069701280227596,0.15384615384615385,0.0033764772087788407,0.10969130101298807,0.7158495108140119,-0.8925772169068342,0.8635271306504863,0.0017069701280227596,3515,35
2,3509,20,0.0005696382796923954,0.09090909090909091,0.001132182281347297,1.0,0.4680048567516917,-1.0,0.7413475356875394,0.0005696382796923954,3511,40
1,3509,13,0.0002849002849002849,0.07142857142857142,0.0005675368898978433,,0.0,,0.0,0.0002849002849002849,3510,45
1,3509,9,0.0002849002849002849,0.1,0.0005681818181818182,,0.0,,0.0,0.0002849002849002849,3510,50
1,3509,3,0.0002849002849002849,0.25,0.0005691519635742742,,0.0,,0.0,0.0002849002849002849,3510,55
0,3509,2,0.0,0.0,0.0,,0.0,,0.0,0.0,3509,60
0,3509,0,0.0,0.0,0.0,,0.0,,0.0,0.0,3509,65
0,3509,0,0.0,0.0,0.0,,0.0,,0.0,0.0,3509,70
0,3509,0,0.0,0.0,0.0,,0.0,,0.0,0.0,3509,75
0,3509,0,0.0,0.0,0.0,,0.0,,0.0,0.0,3509,80
0,3509,0,0.0,0.0,0.0,,0.0,,0.0,0.0,3509,85
0,3509,0,0.0,0.0,0.0,,0.0,,0.0,0.0,3509,90
0,3509,0,0.0,0.0,0.0,,0.0,,0.0,0.0,3509,95
