TP,FP,FN,precision,recall,F1,corr_reads_mapped,L1_f_unique_weighted_reads_mapped,corr_ave_abund,L1_average_abund_reads_mapped_div_gene_len,percent_correct_predictions,total_number_of_predictions,filter_threshold
10816,2532,26944,0.8103086604734792,0.2864406779661017,0.42326054629412224,0.19694006835483333,0.7696891530936985,0.14295834495084303,0.5051796445670488,0.8103086604734792,13348,0
3930,2532,2377,0.6081708449396471,0.6231171713968606,0.6155532931318035,0.18202773536366118,0.6657675929616389,0.15012817604092024,0.35385332361396127,0.6081708449396471,6462,5
600,2532,232,0.19157088122605365,0.7211538461538461,0.3027245206861756,0.293502981402625,0.5580105786096239,0.2806022163510017,0.2837550680640746,0.19157088122605365,3132,10
99,2532,93,0.037628278221208664,0.515625,0.07013815090329437,0.3536401638835899,0.4878081078006854,0.38499800855236344,0.27242174760186066,0.037628278221208664,2631,15
16,2532,58,0.006279434850863423,0.21621621621621623,0.012204424103737605,0.8102707675953135,0.21460049722126345,0.4769622562596618,0.34203062203246337,0.006279434850863423,2548,20
8,2532,30,0.0031496062992125984,0.21052631578947367,0.0062063615205585725,0.6949313510508383,0.20543919550187703,0.7998145216955435,0.1515008112962689,0.0031496062992125984,2540,25
4,2532,15,0.0015772870662460567,0.21052631578947367,0.0031311154598825833,0.9848390448532844,0.06840866290018835,0.9963973513669492,0.09579094648423314,0.0015772870662460567,2536,30
3,2532,11,0.001183431952662722,0.21428571428571427,0.0023538642604943117,0.9639278544917693,0.030579434346085677,0.995624624918945,0.09210500243768988,0.001183431952662722,2535,35
3,2532,7,0.001183431952662722,0.3,0.002357563850687623,0.9639278544917693,0.030579434346085677,0.995624624918945,0.09210500243768988,0.001183431952662722,2535,40
2,2532,4,0.0007892659826361484,0.3333333333333333,0.0015748031496062992,1.0,0.041426832539043945,1.0,0.001850837802203853,0.0007892659826361484,2534,45
2,2532,2,0.0007892659826361484,0.5,0.0015760441292356185,1.0,0.041426832539043945,1.0,0.001850837802203853,0.0007892659826361484,2534,50
0,2532,1,0.0,0.0,0.0,,0.0,,0.0,0.0,2532,55
0,2532,0,0.0,0.0,0.0,,0.0,,0.0,0.0,2532,60
0,2532,0,0.0,0.0,0.0,,0.0,,0.0,0.0,2532,65
0,2532,0,0.0,0.0,0.0,,0.0,,0.0,0.0,2532,70
0,2532,0,0.0,0.0,0.0,,0.0,,0.0,0.0,2532,75
0,2532,0,0.0,0.0,0.0,,0.0,,0.0,0.0,2532,80
0,2532,0,0.0,0.0,0.0,,0.0,,0.0,0.0,2532,85
0,2532,0,0.0,0.0,0.0,,0.0,,0.0,0.0,2532,90
0,2532,0,0.0,0.0,0.0,,0.0,,0.0,0.0,2532,95
