TP,FP,FN,precision,recall,F1,corr_reads_mapped,L1_f_unique_weighted_reads_mapped,corr_ave_abund,L1_average_abund_reads_mapped_div_gene_len,percent_correct_predictions,total_number_of_predictions,filter_threshold
4284,1735,14746,0.7117461372320983,0.2251182343667893,0.3420495828176774,0.3156810059725362,0.5959717259046233,0.23313967293591384,0.4801277818367274,0.7117461372320983,6019,0
829,1735,577,0.3233229329173167,0.5896159317211949,0.41763224181360203,0.2718668664736992,0.5159575318971785,0.19046477115961832,0.32385629296737317,0.3233229329173167,2564,5
68,1735,19,0.03771491957848031,0.7816091954022989,0.07195767195767196,0.36162712501665106,0.49176177747598604,0.450539779972094,0.24419179806064922,0.03771491957848031,1803,10
7,1735,2,0.004018369690011481,0.7777777777777778,0.00799543118218161,0.08589777072613008,0.45162318686550423,0.041309526293546964,0.2699194136279512,0.004018369690011481,1742,15
1,1735,0,0.000576036866359447,1.0,0.0011514104778353484,,0.0,,0.0,0.000576036866359447,1736,20
0,1735,0,0.0,0.0,0.0,,0.0,,0.0,0.0,1735,25
0,1735,0,0.0,0.0,0.0,,0.0,,0.0,0.0,1735,30
0,1735,0,0.0,0.0,0.0,,0.0,,0.0,0.0,1735,35
0,1735,0,0.0,0.0,0.0,,0.0,,0.0,0.0,1735,40
0,1735,0,0.0,0.0,0.0,,0.0,,0.0,0.0,1735,45
0,1735,0,0.0,0.0,0.0,,0.0,,0.0,0.0,1735,50
0,1735,0,0.0,0.0,0.0,,0.0,,0.0,0.0,1735,55
0,1735,0,0.0,0.0,0.0,,0.0,,0.0,0.0,1735,60
0,1735,0,0.0,0.0,0.0,,0.0,,0.0,0.0,1735,65
0,1735,0,0.0,0.0,0.0,,0.0,,0.0,0.0,1735,70
0,1735,0,0.0,0.0,0.0,,0.0,,0.0,0.0,1735,75
0,1735,0,0.0,0.0,0.0,,0.0,,0.0,0.0,1735,80
0,1735,0,0.0,0.0,0.0,,0.0,,0.0,0.0,1735,85
0,1735,0,0.0,0.0,0.0,,0.0,,0.0,0.0,1735,90
0,1735,0,0.0,0.0,0.0,,0.0,,0.0,0.0,1735,95
