TP,FP,FN,precision,recall,F1,corr_reads_mapped,L1_f_unique_weighted_reads_mapped,corr_ave_abund,L1_average_abund_reads_mapped_div_gene_len,percent_correct_predictions,total_number_of_predictions,filter_threshold
5460,1234,16425,0.8156558111741858,0.249485949280329,0.38209874383288434,0.3842279812770923,0.5688015007828358,0.27032711510234275,0.576234287112842,0.8156558111741858,6694,0
712,1234,156,0.3658787255909558,0.8202764976958525,0.5060412224591329,0.561253822460402,0.34605952734294043,0.36355401840835033,0.37320088438144505,0.3658787255909558,1946,5
115,1234,3,0.08524833209785027,0.9745762711864406,0.15678254942058625,0.6396687082478799,0.24302646759172924,0.6224309561653021,0.25448784105806266,0.08524833209785027,1349,10
23,1234,2,0.018297533810660304,0.92,0.035881435257410305,0.6028407484274191,0.22987212276213398,0.5326837470089325,0.20404121817260892,0.018297533810660304,1257,15
4,1234,0,0.0032310177705977385,1.0,0.006441223832528181,0.5763708787146983,0.18748620613534997,0.8344104041492237,0.27592819144679076,0.0032310177705977385,1238,20
1,1234,0,0.0008097165991902834,1.0,0.0016181229773462782,,0.0,,0.0,0.0008097165991902834,1235,25
0,1234,0,0.0,0.0,0.0,,0.0,,0.0,0.0,1234,30
0,1234,0,0.0,0.0,0.0,,0.0,,0.0,0.0,1234,35
0,1234,0,0.0,0.0,0.0,,0.0,,0.0,0.0,1234,40
0,1234,0,0.0,0.0,0.0,,0.0,,0.0,0.0,1234,45
0,1234,0,0.0,0.0,0.0,,0.0,,0.0,0.0,1234,50
0,1234,0,0.0,0.0,0.0,,0.0,,0.0,0.0,1234,55
0,1234,0,0.0,0.0,0.0,,0.0,,0.0,0.0,1234,60
0,1234,0,0.0,0.0,0.0,,0.0,,0.0,0.0,1234,65
0,1234,0,0.0,0.0,0.0,,0.0,,0.0,0.0,1234,70
0,1234,0,0.0,0.0,0.0,,0.0,,0.0,0.0,1234,75
0,1234,0,0.0,0.0,0.0,,0.0,,0.0,0.0,1234,80
0,1234,0,0.0,0.0,0.0,,0.0,,0.0,0.0,1234,85
0,1234,0,0.0,0.0,0.0,,0.0,,0.0,0.0,1234,90
0,1234,0,0.0,0.0,0.0,,0.0,,0.0,0.0,1234,95
