TP,FP,FN,precision,recall,F1,corr_reads_mapped,L1_f_unique_weighted_reads_mapped,corr_ave_abund,L1_average_abund_reads_mapped_div_gene_len,percent_correct_predictions,total_number_of_predictions,filter_threshold
11251,1240,24530,0.9007285245376672,0.31444062491266317,0.4661501491547896,0.41355923999560057,0.6347449483564276,0.36401448408491804,0.41345961898934835,0.9007285245376672,12491,0
5909,1240,2094,0.8265491677157645,0.7383481194552043,0.7799630411826822,0.4108784263738958,0.5892636969381777,0.37610254409434585,0.3043113802948586,0.8265491677157645,7149,5
1496,1240,383,0.5467836257309941,0.7961681745609367,0.648320693391116,0.3758650182434338,0.5574800745029984,0.3462798709134997,0.2806393918220587,0.5467836257309941,2736,10
346,1240,107,0.21815889029003782,0.7637969094922737,0.3393820500245218,0.3163096659772789,0.521149097297889,0.28262516669716453,0.27897840892799525,0.21815889029003782,1586,15
107,1240,35,0.07943578322197475,0.7535211267605634,0.14372061786433846,0.16748839577258792,0.5101913099610372,0.23783283204906253,0.3064752903371711,0.07943578322197475,1347,20
44,1240,10,0.03426791277258567,0.8148148148148148,0.06576980568011957,0.14664979812551177,0.4273231260462301,0.4748148447085976,0.25825385341860146,0.03426791277258567,1284,25
20,1240,2,0.015873015873015872,0.9090909090909091,0.03120124804992199,0.25245951377439585,0.35284323770486214,0.8690261119739459,0.15056223678485012,0.015873015873015872,1260,30
7,1240,0,0.0056134723336006415,1.0,0.01116427432216906,0.010346490182615953,0.3187556461511969,0.8782597690665845,0.1676420498197823,0.0056134723336006415,1247,35
4,1240,0,0.003215434083601286,1.0,0.00641025641025641,-0.6078673308579059,0.3971338558473039,0.8534763889739512,0.16850691503796086,0.003215434083601286,1244,40
3,1240,0,0.002413515687851971,1.0,0.004815409309791332,0.5838941316200348,0.11226981973250633,0.9945884459927257,0.20821064201795714,0.002413515687851971,1243,45
3,1240,0,0.002413515687851971,1.0,0.004815409309791332,0.5838941316200348,0.11226981973250633,0.9945884459927257,0.20821064201795714,0.002413515687851971,1243,50
2,1240,0,0.001610305958132045,1.0,0.003215434083601286,-1.0,0.1296630023427644,0.9999999999999999,0.22340667545692383,0.001610305958132045,1242,55
1,1240,0,0.0008058017727639,1.0,0.001610305958132045,,0.0,,0.0,0.0008058017727639,1241,60
1,1240,0,0.0008058017727639,1.0,0.001610305958132045,,0.0,,0.0,0.0008058017727639,1241,65
0,1240,0,0.0,0.0,0.0,,0.0,,0.0,0.0,1240,70
0,1240,0,0.0,0.0,0.0,,0.0,,0.0,0.0,1240,75
0,1240,0,0.0,0.0,0.0,,0.0,,0.0,0.0,1240,80
0,1240,0,0.0,0.0,0.0,,0.0,,0.0,0.0,1240,85
0,1240,0,0.0,0.0,0.0,,0.0,,0.0,0.0,1240,90
0,1240,0,0.0,0.0,0.0,,0.0,,0.0,0.0,1240,95
