TP,FP,FN,precision,recall,F1,corr_reads_mapped,L1_f_unique_weighted_reads_mapped,corr_ave_abund,L1_average_abund_reads_mapped_div_gene_len,percent_correct_predictions,total_number_of_predictions,filter_threshold
4045,2949,18517,0.5783528738919074,0.17928375144047515,0.2737176884558127,0.20048270213113953,0.6512320467037234,0.11407281978831389,0.510213071262191,0.5783528738919074,6994,0
115,2949,598,0.037532637075718016,0.16129032258064516,0.060894890124437384,0.1682501196306496,0.6399056063022779,0.17602186274569148,0.4362746935368698,0.037532637075718016,3064,5
3,2949,19,0.0010162601626016261,0.13636363636363635,0.0020174848688634837,-0.09508473536466892,0.4629859387923905,0.9522508227484197,0.2703867936430334,0.0010162601626016261,2952,10
1,2949,2,0.00033898305084745765,0.3333333333333333,0.0006772773450728074,,0.0,,0.0,0.00033898305084745765,2950,15
0,2949,1,0.0,0.0,0.0,,0.0,,0.0,0.0,2949,20
0,2949,1,0.0,0.0,0.0,,0.0,,0.0,0.0,2949,25
0,2949,0,0.0,0.0,0.0,,0.0,,0.0,0.0,2949,30
0,2949,0,0.0,0.0,0.0,,0.0,,0.0,0.0,2949,35
0,2949,0,0.0,0.0,0.0,,0.0,,0.0,0.0,2949,40
0,2949,0,0.0,0.0,0.0,,0.0,,0.0,0.0,2949,45
0,2949,0,0.0,0.0,0.0,,0.0,,0.0,0.0,2949,50
0,2949,0,0.0,0.0,0.0,,0.0,,0.0,0.0,2949,55
0,2949,0,0.0,0.0,0.0,,0.0,,0.0,0.0,2949,60
0,2949,0,0.0,0.0,0.0,,0.0,,0.0,0.0,2949,65
0,2949,0,0.0,0.0,0.0,,0.0,,0.0,0.0,2949,70
0,2949,0,0.0,0.0,0.0,,0.0,,0.0,0.0,2949,75
0,2949,0,0.0,0.0,0.0,,0.0,,0.0,0.0,2949,80
0,2949,0,0.0,0.0,0.0,,0.0,,0.0,0.0,2949,85
0,2949,0,0.0,0.0,0.0,,0.0,,0.0,0.0,2949,90
0,2949,0,0.0,0.0,0.0,,0.0,,0.0,0.0,2949,95
