TP,FP,FN,precision,recall,F1,corr_reads_mapped,L1_f_unique_weighted_reads_mapped,corr_ave_abund,L1_average_abund_reads_mapped_div_gene_len,percent_correct_predictions,total_number_of_predictions,filter_threshold
2378,4997,16652,0.3224406779661017,0.12496058854440358,0.18011740200719561,0.2260157693509375,0.9180605447941188,-0.09519313281189978,0.6771138567147763,0.3224406779661017,7375,0
390,4997,1016,0.07239651011694821,0.2773826458036984,0.11482408361548654,0.29159479987037645,0.8673164501823464,-0.3376019325593146,0.5357655010357221,0.07239651011694821,5387,5
46,4997,41,0.009121554630180448,0.5287356321839081,0.01793372319688109,0.6339684799200517,0.8396999460535949,-0.19621756317257566,0.46092555085587,0.009121554630180448,5043,10
4,4997,5,0.0007998400319936012,0.4444444444444444,0.0015968063872255488,0.9572373808665804,0.6770602386905448,-0.06733379168530136,0.43423052591132005,0.0007998400319936012,5001,15
1,4997,0,0.00020008003201280514,1.0,0.0004000800160032007,,0.0,,0.0,0.00020008003201280514,4998,20
0,4997,0,0.0,0.0,0.0,,0.0,,0.0,0.0,4997,25
0,4997,0,0.0,0.0,0.0,,0.0,,0.0,0.0,4997,30
0,4997,0,0.0,0.0,0.0,,0.0,,0.0,0.0,4997,35
0,4997,0,0.0,0.0,0.0,,0.0,,0.0,0.0,4997,40
0,4997,0,0.0,0.0,0.0,,0.0,,0.0,0.0,4997,45
0,4997,0,0.0,0.0,0.0,,0.0,,0.0,0.0,4997,50
0,4997,0,0.0,0.0,0.0,,0.0,,0.0,0.0,4997,55
0,4997,0,0.0,0.0,0.0,,0.0,,0.0,0.0,4997,60
0,4997,0,0.0,0.0,0.0,,0.0,,0.0,0.0,4997,65
0,4997,0,0.0,0.0,0.0,,0.0,,0.0,0.0,4997,70
0,4997,0,0.0,0.0,0.0,,0.0,,0.0,0.0,4997,75
0,4997,0,0.0,0.0,0.0,,0.0,,0.0,0.0,4997,80
0,4997,0,0.0,0.0,0.0,,0.0,,0.0,0.0,4997,85
0,4997,0,0.0,0.0,0.0,,0.0,,0.0,0.0,4997,90
0,4997,0,0.0,0.0,0.0,,0.0,,0.0,0.0,4997,95
