TP,FP,FN,precision,recall,F1,corr_reads_mapped,L1_f_unique_weighted_reads_mapped,corr_ave_abund,L1_average_abund_reads_mapped_div_gene_len,percent_correct_predictions,total_number_of_predictions,filter_threshold
11030,2552,26730,0.8121042556324547,0.2921080508474576,0.42966771843714696,0.25075178920557056,0.6649003672514644,0.16516055433191343,0.4791918173134794,0.8121042556324547,13582,0
4187,2552,2120,0.6213087995251521,0.6638655462184874,0.6418825693699217,0.22653749915195456,0.5634134824852441,0.15495313442842068,0.33663738433596985,0.6213087995251521,6739,5
625,2552,207,0.19672647151400693,0.7512019230769231,0.3117984534796707,0.2436696265067926,0.5005208207555432,0.1625254371275391,0.2918075131264072,0.19672647151400693,3177,10
103,2552,89,0.03879472693032015,0.5364583333333334,0.07235686687741481,0.1923956597997409,0.5647055499821869,0.3389538745056748,0.3206952574828411,0.03879472693032015,2655,15
16,2552,58,0.006230529595015576,0.21621621621621623,0.012112036336109008,0.43767308758714274,0.3957184164204286,0.29466669746689467,0.24125134299963585,0.006230529595015576,2568,20
8,2552,30,0.003125,0.21052631578947367,0.006158583525789069,0.8984193682958379,0.11592813277629398,0.8802853407740558,0.1431350252483347,0.003125,2560,25
4,2552,15,0.001564945226917058,0.21052631578947367,0.0031067961165048546,0.9723125711839313,0.0489697330653234,0.9232936164537451,0.07778560565662032,0.001564945226917058,2556,30
3,2552,11,0.0011741682974559687,0.21428571428571427,0.0023355391202802642,0.98487044520363,0.04539997817308755,0.9081139365731279,0.07440998145448446,0.0011741682974559687,2555,35
3,2552,7,0.0011741682974559687,0.3,0.0023391812865497076,0.98487044520363,0.04539997817308755,0.9081139365731279,0.07440998145448446,0.0011741682974559687,2555,40
2,2552,4,0.0007830853563038371,0.3333333333333333,0.0015624999999999999,-1.0,0.03072346660154951,1.0,0.021163844465780013,0.0007830853563038371,2554,45
2,2552,2,0.0007830853563038371,0.5,0.0015637216575449568,-1.0,0.03072346660154951,1.0,0.021163844465780013,0.0007830853563038371,2554,50
0,2552,1,0.0,0.0,0.0,,0.0,,0.0,0.0,2552,55
0,2552,0,0.0,0.0,0.0,,0.0,,0.0,0.0,2552,60
0,2552,0,0.0,0.0,0.0,,0.0,,0.0,0.0,2552,65
0,2552,0,0.0,0.0,0.0,,0.0,,0.0,0.0,2552,70
0,2552,0,0.0,0.0,0.0,,0.0,,0.0,0.0,2552,75
0,2552,0,0.0,0.0,0.0,,0.0,,0.0,0.0,2552,80
0,2552,0,0.0,0.0,0.0,,0.0,,0.0,0.0,2552,85
0,2552,0,0.0,0.0,0.0,,0.0,,0.0,0.0,2552,90
0,2552,0,0.0,0.0,0.0,,0.0,,0.0,0.0,2552,95
