TP,FP,FN,precision,recall,F1,corr_reads_mapped,L1_f_unique_weighted_reads_mapped,corr_ave_abund,L1_average_abund_reads_mapped_div_gene_len,percent_correct_predictions,total_number_of_predictions,filter_threshold
9967,3195,25445,0.7572557362103024,0.2814582627357958,0.41038415613291057,0.4173129283804221,0.5436911051853925,0.34838556324607844,0.5263689958489729,0.7572557362103024,13162,0
4344,3195,2940,0.5762037405491445,0.5963756177924218,0.5861161708156244,0.41537644201070156,0.41221199035035194,0.4006702696766287,0.3864964539845841,0.5762037405491445,7539,5
1100,3195,298,0.2561117578579744,0.7868383404864091,0.38643948708940806,0.5667403205166542,0.32424215341813367,0.520536704331808,0.3433788438477031,0.2561117578579744,4295,10
399,3195,47,0.11101836393989983,0.8946188340807175,0.19752475247524753,0.6750424025429551,0.2471870660701536,0.5867239093816284,0.26327157893572123,0.11101836393989983,3594,15
184,3195,8,0.05445398046759396,0.9583333333333334,0.10305236628395407,0.666105742875983,0.20072597303675854,0.6406389154555221,0.21043837375132862,0.05445398046759396,3379,20
88,3195,3,0.026804751751446847,0.967032967032967,0.05216360403082395,0.6181211598388919,0.18496457150893553,0.6512895415573617,0.20322484357613158,0.026804751751446847,3283,25
48,3195,2,0.014801110083256245,0.96,0.02915274825387185,0.5833271874123919,0.17972041099614902,0.7435514504454046,0.18168196003477238,0.014801110083256245,3243,30
32,3195,1,0.009916330957545709,0.9696969696969697,0.0196319018404908,0.5184755465539376,0.18837463556846856,0.7621350712697352,0.1959130032829411,0.009916330957545709,3227,35
22,3195,1,0.006838669567920423,0.9565217391304348,0.013580246913580247,0.4549485130912855,0.21293839067225742,0.6871955201229443,0.16751376321108066,0.006838669567920423,3217,40
8,3195,0,0.002497658445207618,1.0,0.004982871379632514,0.34910406453480397,0.27067718177651495,0.5953481747532965,0.1827843800329777,0.002497658445207618,3203,45
4,3195,0,0.0012503907471084713,1.0,0.002497658445207618,0.08176595080898849,0.38944168048616373,-0.030633912002998698,0.18661092488112307,0.0012503907471084713,3199,50
2,3195,0,0.0006255864873318737,1.0,0.0012503907471084713,-1.0,0.5521542762919911,-0.9999999999999999,0.2823052273597645,0.0006255864873318737,3197,55
1,3195,0,0.00031289111389236547,1.0,0.0006255864873318737,,0.0,,0.0,0.00031289111389236547,3196,60
0,3195,0,0.0,0.0,0.0,,0.0,,0.0,0.0,3195,65
0,3195,0,0.0,0.0,0.0,,0.0,,0.0,0.0,3195,70
0,3195,0,0.0,0.0,0.0,,0.0,,0.0,0.0,3195,75
0,3195,0,0.0,0.0,0.0,,0.0,,0.0,0.0,3195,80
0,3195,0,0.0,0.0,0.0,,0.0,,0.0,0.0,3195,85
0,3195,0,0.0,0.0,0.0,,0.0,,0.0,0.0,3195,90
0,3195,0,0.0,0.0,0.0,,0.0,,0.0,0.0,3195,95
