TP,FP,FN,precision,recall,F1,corr_reads_mapped,L1_f_unique_weighted_reads_mapped,corr_ave_abund,L1_average_abund_reads_mapped_div_gene_len,percent_correct_predictions,total_number_of_predictions,filter_threshold
4764,987,17121,0.828377673448096,0.21768334475668266,0.34476769431176724,0.4112213119010017,0.5497611320191478,0.252481247297623,0.5797636511722165,0.828377673448096,5751,0
707,987,161,0.41735537190082644,0.8145161290322581,0.551912568306011,0.38432640236851867,0.3551425106608971,0.2990411468918883,0.3719712173469157,0.41735537190082644,1694,5
115,987,3,0.10435571687840291,0.9745762711864406,0.18852459016393444,0.5903205361270865,0.2231122497513221,0.5501547834194416,0.2773791949294275,0.10435571687840291,1102,10
23,987,2,0.02277227722772277,0.92,0.044444444444444446,0.6371405536402965,0.19364341085271314,0.7153288189762557,0.20521673724158676,0.02277227722772277,1010,15
4,987,0,0.004036326942482341,1.0,0.008040201005025126,0.2247106241647503,0.18441471571906357,0.9635124128843893,0.2831337747252141,0.004036326942482341,991,20
1,987,0,0.0010121457489878543,1.0,0.0020222446916076846,,0.0,,0.0,0.0010121457489878543,988,25
0,987,0,0.0,0.0,0.0,,0.0,,0.0,0.0,987,30
0,987,0,0.0,0.0,0.0,,0.0,,0.0,0.0,987,35
0,987,0,0.0,0.0,0.0,,0.0,,0.0,0.0,987,40
0,987,0,0.0,0.0,0.0,,0.0,,0.0,0.0,987,45
0,987,0,0.0,0.0,0.0,,0.0,,0.0,0.0,987,50
0,987,0,0.0,0.0,0.0,,0.0,,0.0,0.0,987,55
0,987,0,0.0,0.0,0.0,,0.0,,0.0,0.0,987,60
0,987,0,0.0,0.0,0.0,,0.0,,0.0,0.0,987,65
0,987,0,0.0,0.0,0.0,,0.0,,0.0,0.0,987,70
0,987,0,0.0,0.0,0.0,,0.0,,0.0,0.0,987,75
0,987,0,0.0,0.0,0.0,,0.0,,0.0,0.0,987,80
0,987,0,0.0,0.0,0.0,,0.0,,0.0,0.0,987,85
0,987,0,0.0,0.0,0.0,,0.0,,0.0,0.0,987,90
0,987,0,0.0,0.0,0.0,,0.0,,0.0,0.0,987,95
