TP,FP,FN,precision,recall,F1,corr_reads_mapped,L1_f_unique_weighted_reads_mapped,corr_ave_abund,L1_average_abund_reads_mapped_div_gene_len,percent_correct_predictions,total_number_of_predictions,filter_threshold
4279,2057,16175,0.6753472222222222,0.20920113425246895,0.3194475550578574,0.4997406113598672,0.6179290951903359,0.43750493157877396,0.6694157386834865,0.6753472222222222,6336,0
762,2057,414,0.27030862007804185,0.6479591836734694,0.38147684605757193,0.736011517468344,0.3296159484027257,0.6851772697022916,0.387294185043405,0.27030862007804185,2819,5
274,2057,11,0.11754611754611755,0.9614035087719298,0.20948012232415902,0.8144902967820558,0.2190361884571552,0.6733269033890519,0.18098410539330673,0.11754611754611755,2331,10
125,2057,0,0.05728689275893675,1.0,0.10836584308625921,0.8211869495921161,0.18508635356002784,0.6970835085649096,0.16266409767364196,0.05728689275893675,2182,15
48,2057,0,0.02280285035629454,1.0,0.04458894565722248,0.8080114389175479,0.17173129981596288,0.7711456500517299,0.16453732842250524,0.02280285035629454,2105,20
21,2057,0,0.01010587102983638,1.0,0.020009528346831826,0.7770532294567619,0.1899266260413614,0.818554378193512,0.11610979574064346,0.01010587102983638,2078,25
12,2057,0,0.005799903334944417,1.0,0.011532916866890916,0.7918228874927835,0.14946258713627514,0.6917011778019931,0.09041673809417401,0.005799903334944417,2069,30
3,2057,0,0.0014563106796116505,1.0,0.00290838584585555,0.8702188577462476,0.043402484961118926,0.6361293531082487,0.06322768920645883,0.0014563106796116505,2060,35
2,2057,0,0.0009713453132588635,1.0,0.0019408054342552156,-0.9999999999999999,0.05844480213154102,1.0,0.08230337002780619,0.0009713453132588635,2059,40
1,2057,0,0.00048590864917395527,1.0,0.0009713453132588635,,0.0,,0.0,0.00048590864917395527,2058,45
0,2057,0,0.0,0.0,0.0,,0.0,,0.0,0.0,2057,50
0,2057,0,0.0,0.0,0.0,,0.0,,0.0,0.0,2057,55
0,2057,0,0.0,0.0,0.0,,0.0,,0.0,0.0,2057,60
0,2057,0,0.0,0.0,0.0,,0.0,,0.0,0.0,2057,65
0,2057,0,0.0,0.0,0.0,,0.0,,0.0,0.0,2057,70
0,2057,0,0.0,0.0,0.0,,0.0,,0.0,0.0,2057,75
0,2057,0,0.0,0.0,0.0,,0.0,,0.0,0.0,2057,80
0,2057,0,0.0,0.0,0.0,,0.0,,0.0,0.0,2057,85
0,2057,0,0.0,0.0,0.0,,0.0,,0.0,0.0,2057,90
0,2057,0,0.0,0.0,0.0,,0.0,,0.0,0.0,2057,95
