TP,FP,FN,precision,recall,F1,corr_reads_mapped,L1_f_unique_weighted_reads_mapped,corr_ave_abund,L1_average_abund_reads_mapped_div_gene_len,percent_correct_predictions,total_number_of_predictions,filter_threshold
3669,2654,18893,0.5802625336074648,0.16261856218420354,0.25404189025445734,0.22592799209918082,0.6004118511914398,0.14096015202561274,0.49121619582610465,0.5802625336074648,6323,0
117,2654,596,0.04222302417899675,0.1640953716690042,0.06716417910447761,0.24258344820552843,0.45568156008752103,0.38176627923189455,0.41820432812330177,0.04222302417899675,2771,5
3,2654,19,0.0011290929619872036,0.13636363636363635,0.0022396416573348264,-0.5966859311469639,0.5950226244343892,0.9116337876899181,0.22764905890992,0.0011290929619872036,2657,10
1,2654,2,0.0003766478342749529,0.3333333333333333,0.0007524454477050415,,0.0,,0.0,0.0003766478342749529,2655,15
0,2654,1,0.0,0.0,0.0,,0.0,,0.0,0.0,2654,20
0,2654,1,0.0,0.0,0.0,,0.0,,0.0,0.0,2654,25
0,2654,0,0.0,0.0,0.0,,0.0,,0.0,0.0,2654,30
0,2654,0,0.0,0.0,0.0,,0.0,,0.0,0.0,2654,35
0,2654,0,0.0,0.0,0.0,,0.0,,0.0,0.0,2654,40
0,2654,0,0.0,0.0,0.0,,0.0,,0.0,0.0,2654,45
0,2654,0,0.0,0.0,0.0,,0.0,,0.0,0.0,2654,50
0,2654,0,0.0,0.0,0.0,,0.0,,0.0,0.0,2654,55
0,2654,0,0.0,0.0,0.0,,0.0,,0.0,0.0,2654,60
0,2654,0,0.0,0.0,0.0,,0.0,,0.0,0.0,2654,65
0,2654,0,0.0,0.0,0.0,,0.0,,0.0,0.0,2654,70
0,2654,0,0.0,0.0,0.0,,0.0,,0.0,0.0,2654,75
0,2654,0,0.0,0.0,0.0,,0.0,,0.0,0.0,2654,80
0,2654,0,0.0,0.0,0.0,,0.0,,0.0,0.0,2654,85
0,2654,0,0.0,0.0,0.0,,0.0,,0.0,0.0,2654,90
0,2654,0,0.0,0.0,0.0,,0.0,,0.0,0.0,2654,95
