TP,FP,FN,precision,recall,F1,corr_reads_mapped,L1_f_unique_weighted_reads_mapped,corr_ave_abund,L1_average_abund_reads_mapped_div_gene_len,percent_correct_predictions,total_number_of_predictions,filter_threshold
5074,1274,15221,0.799306868304978,0.25001231830500126,0.38088803813384386,0.47025694236819826,0.5708442245817837,0.3408326204623244,0.5592711017384753,0.799306868304978,6348,0
694,1274,329,0.35264227642276424,0.678396871945259,0.4640588431962554,0.5647695131642073,0.4218827382560814,0.4852991761479439,0.4183753752381714,0.35264227642276424,1968,5
126,1274,71,0.09,0.6395939086294417,0.15779586725109582,0.6379608061636232,0.2889204207809266,0.5862828255016476,0.24528876439230793,0.09,1400,10
33,1274,27,0.0252486610558531,0.55,0.048280907095830286,0.6909574423398424,0.2836791871562352,0.7594267200055153,0.1980036423411641,0.0252486610558531,1307,15
14,1274,10,0.010869565217391304,0.5833333333333334,0.021341463414634144,0.6537577859732356,0.2644834046161781,0.8174792878409366,0.21693360632337041,0.010869565217391304,1288,20
1,1274,2,0.000784313725490196,0.3333333333333333,0.0015649452269170577,,0.0,,0.0,0.000784313725490196,1275,25
0,1274,2,0.0,0.0,0.0,,0.0,,0.0,0.0,1274,30
0,1274,1,0.0,0.0,0.0,,0.0,,0.0,0.0,1274,35
0,1274,0,0.0,0.0,0.0,,0.0,,0.0,0.0,1274,40
0,1274,0,0.0,0.0,0.0,,0.0,,0.0,0.0,1274,45
0,1274,0,0.0,0.0,0.0,,0.0,,0.0,0.0,1274,50
0,1274,0,0.0,0.0,0.0,,0.0,,0.0,0.0,1274,55
0,1274,0,0.0,0.0,0.0,,0.0,,0.0,0.0,1274,60
0,1274,0,0.0,0.0,0.0,,0.0,,0.0,0.0,1274,65
0,1274,0,0.0,0.0,0.0,,0.0,,0.0,0.0,1274,70
0,1274,0,0.0,0.0,0.0,,0.0,,0.0,0.0,1274,75
0,1274,0,0.0,0.0,0.0,,0.0,,0.0,0.0,1274,80
0,1274,0,0.0,0.0,0.0,,0.0,,0.0,0.0,1274,85
0,1274,0,0.0,0.0,0.0,,0.0,,0.0,0.0,1274,90
0,1274,0,0.0,0.0,0.0,,0.0,,0.0,0.0,1274,95
