TP,FP,FN,precision,recall,F1,corr_reads_mapped,L1_f_unique_weighted_reads_mapped,corr_ave_abund,L1_average_abund_reads_mapped_div_gene_len,percent_correct_predictions,total_number_of_predictions,filter_threshold
9735,3467,25252,0.737388274503863,0.2782462057335582,0.4040341156695511,0.460212266928387,0.5525304044138719,0.3737028914757322,0.5630214061000347,0.737388274503863,13202,0
3434,3467,3922,0.4976090421678018,0.4668297988036977,0.4817282738303991,0.5153505438634616,0.39101506116778656,0.4405379970453024,0.4233531790094314,0.4976090421678018,6901,5
931,3467,671,0.21168713051386995,0.5811485642946317,0.31033333333333335,0.5318790681730323,0.3110577546823778,0.4718147210150576,0.31884516008652897,0.21168713051386995,4398,10
366,3467,125,0.09548656404904775,0.745417515274949,0.1692876965772433,0.7717329189525391,0.2255454673825529,0.6413237699422542,0.21919187687184633,0.09548656404904775,3833,15
169,3467,29,0.04647964796479648,0.8535353535353535,0.08815858111632759,0.7283559992611712,0.2091550044331658,0.6681962304228105,0.1862445814506593,0.04647964796479648,3636,20
86,3467,12,0.02420489726991275,0.8775510204081632,0.04711038071761162,0.7645192544865174,0.20296983190992493,0.750811428940467,0.1718085799405273,0.02420489726991275,3553,25
45,3467,6,0.012813211845102505,0.8823529411764706,0.025259612685938813,0.7780944504064868,0.20355095186847774,0.6712247133708069,0.1603244483081511,0.012813211845102505,3512,30
21,3467,3,0.006020642201834863,0.875,0.011958997722095674,0.736444052556517,0.22688741356597547,0.6516235169448673,0.1696989264925507,0.006020642201834863,3488,35
10,3467,3,0.0028760425654299686,0.7692307692307693,0.0057306590257879654,0.753598848269799,0.2293694763221741,0.7111606332181202,0.2268347803872321,0.0028760425654299686,3477,40
5,3467,1,0.0014400921658986176,0.8333333333333334,0.002875215641173088,0.5897176636785012,0.29115301814836125,0.6055057896761545,0.2607629501988777,0.0014400921658986176,3472,45
4,3467,0,0.0011524056467876692,1.0,0.0023021582733812945,0.40794132419059925,0.277952292136837,0.7353770743275143,0.24102234382172705,0.0011524056467876692,3471,50
4,3467,0,0.0011524056467876692,1.0,0.0023021582733812945,0.40794132419059925,0.277952292136837,0.7353770743275143,0.24102234382172705,0.0011524056467876692,3471,55
1,3467,0,0.0002883506343713956,1.0,0.0005765350245027386,,0.0,,0.0,0.0002883506343713956,3468,60
1,3467,0,0.0002883506343713956,1.0,0.0005765350245027386,,0.0,,0.0,0.0002883506343713956,3468,65
1,3467,0,0.0002883506343713956,1.0,0.0005765350245027386,,0.0,,0.0,0.0002883506343713956,3468,70
0,3467,0,0.0,0.0,0.0,,0.0,,0.0,0.0,3467,75
0,3467,0,0.0,0.0,0.0,,0.0,,0.0,0.0,3467,80
0,3467,0,0.0,0.0,0.0,,0.0,,0.0,0.0,3467,85
0,3467,0,0.0,0.0,0.0,,0.0,,0.0,0.0,3467,90
0,3467,0,0.0,0.0,0.0,,0.0,,0.0,0.0,3467,95
