TP,FP,FN,precision,recall,F1,corr_reads_mapped,L1_f_unique_weighted_reads_mapped,corr_ave_abund,L1_average_abund_reads_mapped_div_gene_len,percent_correct_predictions,total_number_of_predictions,filter_threshold
5039,1346,16276,0.789193422083007,0.23640628665259208,0.36382671480144413,0.40810661625287303,0.607147416755448,0.25514087248593803,0.486109776111263,0.789193422083007,6385,0
485,1346,594,0.2648825778263244,0.4494902687673772,0.3333333333333333,0.1781672547337095,0.5978903857567733,0.04395967927185118,0.38979341183924865,0.2648825778263244,1831,5
25,1346,63,0.01823486506199854,0.2840909090909091,0.03427004797806717,0.7582710145371043,0.4513735455174303,0.2248127849631269,0.3054607109394762,0.01823486506199854,1371,10
3,1346,21,0.002223869532987398,0.125,0.004369992716678805,0.9985507180898547,0.4953315261820614,-0.9873644494555759,0.3332106088016304,0.002223869532987398,1349,15
1,1346,6,0.0007423904974016332,0.14285714285714285,0.0014771048744460858,,0.0,,0.0,0.0007423904974016332,1347,20
1,1346,2,0.0007423904974016332,0.3333333333333333,0.0014814814814814814,,0.0,,0.0,0.0007423904974016332,1347,25
0,1346,0,0.0,0.0,0.0,,0.0,,0.0,0.0,1346,30
0,1346,0,0.0,0.0,0.0,,0.0,,0.0,0.0,1346,35
0,1346,0,0.0,0.0,0.0,,0.0,,0.0,0.0,1346,40
0,1346,0,0.0,0.0,0.0,,0.0,,0.0,0.0,1346,45
0,1346,0,0.0,0.0,0.0,,0.0,,0.0,0.0,1346,50
0,1346,0,0.0,0.0,0.0,,0.0,,0.0,0.0,1346,55
0,1346,0,0.0,0.0,0.0,,0.0,,0.0,0.0,1346,60
0,1346,0,0.0,0.0,0.0,,0.0,,0.0,0.0,1346,65
0,1346,0,0.0,0.0,0.0,,0.0,,0.0,0.0,1346,70
0,1346,0,0.0,0.0,0.0,,0.0,,0.0,0.0,1346,75
0,1346,0,0.0,0.0,0.0,,0.0,,0.0,0.0,1346,80
0,1346,0,0.0,0.0,0.0,,0.0,,0.0,0.0,1346,85
0,1346,0,0.0,0.0,0.0,,0.0,,0.0,0.0,1346,90
0,1346,0,0.0,0.0,0.0,,0.0,,0.0,0.0,1346,95
