TP,FP,FN,precision,recall,F1,corr_reads_mapped,L1_f_unique_weighted_reads_mapped,corr_ave_abund,L1_average_abund_reads_mapped_div_gene_len,percent_correct_predictions,total_number_of_predictions,filter_threshold
4149,4240,30643,0.4945762307784003,0.11925155208093814,0.19216785160139874,0.1502530669862187,1.1971221256417302,0.03518240167740609,1.0581913708467694,0.4945762307784003,8389,0
1377,4240,6208,0.2451486558661207,0.181542518127884,0.20860475685502197,0.1894119758367492,1.0073220399644915,-0.004902252711600109,0.8463781364317096,0.2451486558661207,5617,5
630,4240,1171,0.1293634496919918,0.34980566352026654,0.18887722980062963,0.20165501606311992,0.9007840623029811,-0.13005256576694652,0.6421599833930868,0.1293634496919918,4870,10
424,4240,309,0.09090909090909091,0.5784447476125512,0.157124328330554,0.35330304203501395,0.753794298598393,-0.20419098100091282,0.4179690510326094,0.09090909090909091,4664,15
348,4240,114,0.07585004359197908,0.7532467532467533,0.13782178217821783,0.4481996764458982,0.6818025663270029,-0.14670481635182203,0.3390969169372792,0.07585004359197908,4588,20
297,4240,47,0.06546175887150099,0.8633720930232558,0.12169637369391517,0.4453781503454002,0.6605778033061928,-0.272830493599942,0.3139691638628166,0.06546175887150099,4537,25
237,4240,24,0.052937234755416576,0.9080459770114943,0.10004221190375687,0.4520895893916013,0.6382102811857326,-0.2534481750065335,0.2921337323138259,0.052937234755416576,4477,30
182,4240,12,0.04115784712799638,0.9381443298969072,0.07885615251299825,0.40503758628159436,0.6143805311980128,-0.3096153309415385,0.27631930742243316,0.04115784712799638,4422,35
142,4240,6,0.03240529438612506,0.9594594594594594,0.06269315673289183,0.5194647677967252,0.5532577487880276,-0.2748570562513842,0.2626598086093911,0.03240529438612506,4382,40
97,4240,3,0.0223656905695181,0.97,0.04372323642100518,0.4783837555582587,0.540932814020413,-0.3512950608383183,0.2486847275987732,0.0223656905695181,4337,45
72,4240,1,0.016697588126159554,0.9863013698630136,0.032839224629418476,0.4274136073837977,0.5212501725520229,-0.4336934621191869,0.23408774000844612,0.016697588126159554,4312,50
53,4240,0,0.012345679012345678,1.0,0.024390243902439022,0.3623634880237159,0.48946186152843363,-0.5523021134090818,0.2196875822497698,0.012345679012345678,4293,55
38,4240,0,0.008882655446470314,1.0,0.017608897126969416,0.22840646769702017,0.45366884324471946,-0.5984551668315378,0.19250935260585272,0.008882655446470314,4278,60
29,4240,0,0.006793159990630124,1.0,0.013494648673801768,0.09899479901571345,0.44781222706378354,-0.6504423943290807,0.1803382982732715,0.006793159990630124,4269,65
26,4240,0,0.006094702297233943,1.0,0.012115563839701771,0.047993817374878796,0.46345044444317396,-0.625153995213466,0.18062121167791795,0.006094702297233943,4266,70
21,4240,0,0.00492842055855433,1.0,0.009808500700607193,0.5794082339792269,0.30786037766963603,-0.027960794532353873,0.12564900928438935,0.00492842055855433,4261,75
15,4240,0,0.0035252643948296123,1.0,0.00702576112412178,0.42313004514444036,0.29399455869810537,-0.23377489506647608,0.12798141623695924,0.0035252643948296123,4255,80
13,4240,0,0.003056665882906184,1.0,0.006094702297233944,0.4806419407910197,0.30962202653341625,-0.32943227697666133,0.14242781788071063,0.003056665882906184,4253,85
10,4240,0,0.002352941176470588,1.0,0.004694835680751173,0.48684110937606007,0.30273985865043884,-0.22194898069106336,0.14024114001066762,0.002352941176470588,4250,90
9,4240,0,0.002118145445987291,1.0,0.004227336777829967,0.4649737546358358,0.31995236327596865,-0.23620529712939672,0.15454289430412432,0.002118145445987291,4249,95
