TP,FP,FN,precision,recall,F1,corr_reads_mapped,L1_f_unique_weighted_reads_mapped,corr_ave_abund,L1_average_abund_reads_mapped_div_gene_len,percent_correct_predictions,total_number_of_predictions,filter_threshold
3326,4127,18559,0.44626324969810816,0.15197623943340188,0.22673665553207448,0.23311608650950305,0.9719739882044895,-0.07735785873363506,0.7619843465849491,0.44626324969810816,7453,0
515,4127,353,0.11094355881085739,0.5933179723502304,0.1869328493647913,0.2845631258559434,0.8781099078413397,-0.32628363919522263,0.5212050236624596,0.11094355881085739,4642,5
108,4127,10,0.02550177095631641,0.9152542372881356,0.04962095106822881,0.37381738524841335,0.7651168173758482,-0.4550166679646484,0.42678883798621303,0.02550177095631641,4235,10
23,4127,2,0.005542168674698795,0.92,0.011017964071856288,0.553780601351312,0.6721481557800126,-0.5063864251154492,0.3810782938497947,0.005542168674698795,4150,15
4,4127,0,0.0009682885499878964,1.0,0.0019347037484885123,0.6716571398634674,0.9787140726879971,-0.9050213460701149,0.6255957904313612,0.0009682885499878964,4131,20
1,4127,0,0.00024224806201550387,1.0,0.00048437878420925167,,0.0,,0.0,0.00024224806201550387,4128,25
0,4127,0,0.0,0.0,0.0,,0.0,,0.0,0.0,4127,30
0,4127,0,0.0,0.0,0.0,,0.0,,0.0,0.0,4127,35
0,4127,0,0.0,0.0,0.0,,0.0,,0.0,0.0,4127,40
0,4127,0,0.0,0.0,0.0,,0.0,,0.0,0.0,4127,45
0,4127,0,0.0,0.0,0.0,,0.0,,0.0,0.0,4127,50
0,4127,0,0.0,0.0,0.0,,0.0,,0.0,0.0,4127,55
0,4127,0,0.0,0.0,0.0,,0.0,,0.0,0.0,4127,60
0,4127,0,0.0,0.0,0.0,,0.0,,0.0,0.0,4127,65
0,4127,0,0.0,0.0,0.0,,0.0,,0.0,0.0,4127,70
0,4127,0,0.0,0.0,0.0,,0.0,,0.0,0.0,4127,75
0,4127,0,0.0,0.0,0.0,,0.0,,0.0,0.0,4127,80
0,4127,0,0.0,0.0,0.0,,0.0,,0.0,0.0,4127,85
0,4127,0,0.0,0.0,0.0,,0.0,,0.0,0.0,4127,90
0,4127,0,0.0,0.0,0.0,,0.0,,0.0,0.0,4127,95
