TP,FP,FN,precision,recall,F1,corr_reads_mapped,L1_f_unique_weighted_reads_mapped,corr_ave_abund,L1_average_abund_reads_mapped_div_gene_len,percent_correct_predictions,total_number_of_predictions,filter_threshold
2820,4594,17164,0.3803614782843269,0.1411128903122498,0.20585444193006788,0.3195568264013938,0.94477529019635,-0.10004620733063911,0.7076974223816297,0.3803614782843269,7414,0
506,4594,536,0.0992156862745098,0.4856046065259117,0.1647671768153696,0.4545966684206181,0.90116543845872,-0.2809818036953059,0.5478033972618742,0.0992156862745098,5100,5
67,4594,19,0.014374597725809912,0.7790697674418605,0.02822835475036865,0.6814049247507669,0.8249317006568716,-0.46092853626296937,0.4573212317758595,0.014374597725809912,4661,10
18,4594,2,0.0039028620988725065,0.9,0.007772020725388602,0.743728715824203,0.8835386755934799,-0.6876536982831334,0.5448823836248713,0.0039028620988725065,4612,15
6,4594,0,0.0013043478260869566,1.0,0.0026052974381241857,0.7556702140615358,0.7743569374671566,-0.7780583873683988,0.7936860710989249,0.0013043478260869566,4600,20
2,4594,0,0.0004351610095735422,1.0,0.000869943453675511,1.0,0.0325764872608153,1.0,0.12289539534775845,0.0004351610095735422,4596,25
1,4594,0,0.0002176278563656148,1.0,0.0004351610095735422,,0.0,,0.0,0.0002176278563656148,4595,30
0,4594,0,0.0,0.0,0.0,,0.0,,0.0,0.0,4594,35
0,4594,0,0.0,0.0,0.0,,0.0,,0.0,0.0,4594,40
0,4594,0,0.0,0.0,0.0,,0.0,,0.0,0.0,4594,45
0,4594,0,0.0,0.0,0.0,,0.0,,0.0,0.0,4594,50
0,4594,0,0.0,0.0,0.0,,0.0,,0.0,0.0,4594,55
0,4594,0,0.0,0.0,0.0,,0.0,,0.0,0.0,4594,60
0,4594,0,0.0,0.0,0.0,,0.0,,0.0,0.0,4594,65
0,4594,0,0.0,0.0,0.0,,0.0,,0.0,0.0,4594,70
0,4594,0,0.0,0.0,0.0,,0.0,,0.0,0.0,4594,75
0,4594,0,0.0,0.0,0.0,,0.0,,0.0,0.0,4594,80
0,4594,0,0.0,0.0,0.0,,0.0,,0.0,0.0,4594,85
0,4594,0,0.0,0.0,0.0,,0.0,,0.0,0.0,4594,90
0,4594,0,0.0,0.0,0.0,,0.0,,0.0,0.0,4594,95
