TP,FP,FN,precision,recall,F1,corr_reads_mapped,L1_f_unique_weighted_reads_mapped,corr_ave_abund,L1_average_abund_reads_mapped_div_gene_len,percent_correct_predictions,total_number_of_predictions,filter_threshold
11281,1942,26612,0.8531346895560765,0.2977067004459927,0.4413882150403005,0.41360095285812265,0.699922146620162,0.3472949984440885,0.6181481999590615,0.8531346895560765,13223,0
3586,1942,2998,0.6486975397973951,0.5446537059538274,0.5921400264200793,0.35048480553399886,0.6267791673226986,0.3329894181779497,0.5182202084621859,0.6486975397973951,5528,5
1059,1942,252,0.35288237254248583,0.8077803203661327,0.49118738404452683,0.31361157841808374,0.47317976324683586,0.3323117091539928,0.3576717699157352,0.35288237254248583,3001,10
511,1942,35,0.20831634732980026,0.9358974358974359,0.3407802600866956,0.580032908969523,0.32546014673564816,0.573470748411696,0.23074429645276912,0.20831634732980026,2453,15
268,1942,6,0.12126696832579185,0.9781021897810219,0.21578099838969406,0.6328996041706967,0.28908836162685964,0.5623067736521901,0.19923216298543517,0.12126696832579185,2210,20
130,1942,3,0.06274131274131274,0.9774436090225563,0.1179138321995465,0.5036476689269899,0.28887042118928397,0.4261822127972912,0.2055993360331194,0.06274131274131274,2072,25
78,1942,3,0.03861386138613861,0.9629629629629629,0.07425035697287007,0.4527775836534056,0.2853615530371095,0.41400108970309235,0.18809632964045894,0.03861386138613861,2020,30
40,1942,2,0.020181634712411706,0.9523809523809523,0.039525691699604744,0.2997533980223663,0.30832061876428174,0.21250683942287069,0.2019326153940892,0.020181634712411706,1982,35
23,1942,1,0.011704834605597965,0.9583333333333334,0.023127199597787834,0.31238056468787445,0.2636337499773404,0.38658298005330605,0.15840360558363764,0.011704834605597965,1965,40
14,1942,0,0.007157464212678937,1.0,0.014213197969543146,0.22898544535474452,0.2573437529300134,0.8285258209685162,0.11099892641290215,0.007157464212678937,1956,45
8,1942,0,0.0041025641025641026,1.0,0.008171603677221655,-0.10635678561928122,0.25855107454284376,0.9531551744914238,0.13336779505605484,0.0041025641025641026,1950,50
4,1942,0,0.0020554984583761563,1.0,0.004102564102564103,-0.6881469147876705,0.35918296211074596,0.9886645859085692,0.22575492196397093,0.0020554984583761563,1946,55
3,1942,0,0.0015424164524421595,1.0,0.003080082135523614,-0.2728047942141906,0.22260733133647126,0.8202448841421113,0.047535498206999816,0.0015424164524421595,1945,60
2,1942,0,0.00102880658436214,1.0,0.0020554984583761563,0.9999999999999999,0.05524649913677354,1.0,0.04760533513891624,0.00102880658436214,1944,65
1,1942,0,0.000514668039114771,1.0,0.00102880658436214,,0.0,,0.0,0.000514668039114771,1943,70
1,1942,0,0.000514668039114771,1.0,0.00102880658436214,,0.0,,0.0,0.000514668039114771,1943,75
0,1942,0,0.0,0.0,0.0,,0.0,,0.0,0.0,1942,80
0,1942,0,0.0,0.0,0.0,,0.0,,0.0,0.0,1942,85
0,1942,0,0.0,0.0,0.0,,0.0,,0.0,0.0,1942,90
0,1942,0,0.0,0.0,0.0,,0.0,,0.0,0.0,1942,95
