TP,FP,FN,precision,recall,F1,corr_reads_mapped,L1_f_unique_weighted_reads_mapped,corr_ave_abund,L1_average_abund_reads_mapped_div_gene_len,percent_correct_predictions,total_number_of_predictions,filter_threshold
4745,1766,14500,0.7287667025034557,0.24655754741491295,0.368457835067557,0.45384758904337674,0.473802955902996,0.3667978064564176,0.5412442751759672,0.7287667025034557,6511,0
854,1766,139,0.32595419847328244,0.8600201409869084,0.47273733739274837,0.6759952900641798,0.33081070129080564,0.5364280736188151,0.4021240566874831,0.32595419847328244,2620,5
137,1766,0,0.0719915922228061,1.0,0.1343137254901961,0.6768714647065297,0.2691995788136373,0.5055423698160614,0.2883806218596009,0.0719915922228061,1903,10
31,1766,0,0.01725097384529772,1.0,0.03391684901531729,0.5735503903171636,0.2651096659542656,0.5633415166342518,0.2187405119672904,0.01725097384529772,1797,15
11,1766,0,0.0061902082160945416,1.0,0.012304250559284116,0.42009583145870494,0.26918139389780693,-0.4025011831168359,0.1919902454396466,0.0061902082160945416,1777,20
1,1766,0,0.0005659309564233164,1.0,0.0011312217194570137,,0.0,,0.0,0.0005659309564233164,1767,25
0,1766,0,0.0,0.0,0.0,,0.0,,0.0,0.0,1766,30
0,1766,0,0.0,0.0,0.0,,0.0,,0.0,0.0,1766,35
0,1766,0,0.0,0.0,0.0,,0.0,,0.0,0.0,1766,40
0,1766,0,0.0,0.0,0.0,,0.0,,0.0,0.0,1766,45
0,1766,0,0.0,0.0,0.0,,0.0,,0.0,0.0,1766,50
0,1766,0,0.0,0.0,0.0,,0.0,,0.0,0.0,1766,55
0,1766,0,0.0,0.0,0.0,,0.0,,0.0,0.0,1766,60
0,1766,0,0.0,0.0,0.0,,0.0,,0.0,0.0,1766,65
0,1766,0,0.0,0.0,0.0,,0.0,,0.0,0.0,1766,70
0,1766,0,0.0,0.0,0.0,,0.0,,0.0,0.0,1766,75
0,1766,0,0.0,0.0,0.0,,0.0,,0.0,0.0,1766,80
0,1766,0,0.0,0.0,0.0,,0.0,,0.0,0.0,1766,85
0,1766,0,0.0,0.0,0.0,,0.0,,0.0,0.0,1766,90
0,1766,0,0.0,0.0,0.0,,0.0,,0.0,0.0,1766,95
