TP,FP,FN,precision,recall,F1,corr_reads_mapped,L1_f_unique_weighted_reads_mapped,corr_ave_abund,L1_average_abund_reads_mapped_div_gene_len,percent_correct_predictions,total_number_of_predictions,filter_threshold
10684,3893,32983,0.7329354462509433,0.24466988801612202,0.3668704072522492,0.21880294862227162,0.7063325369327856,0.15405274807670144,0.5205871027748636,0.7329354462509433,14577,0
2793,3893,3443,0.4177385581812743,0.4478832584990378,0.4322860238353196,0.22676825690076613,0.6274916836856759,0.16609027567217655,0.3540140679995088,0.4177385581812743,6686,5
377,3893,240,0.0882903981264637,0.6110210696920584,0.15428688356865156,0.34915796761053425,0.5769082758775541,0.29450067128106333,0.28599121489739054,0.0882903981264637,4270,10
49,3893,25,0.012430238457635717,0.6621621621621622,0.02440239043824701,0.46468723246520766,0.49366595861247015,0.44478708205692263,0.28755488630813764,0.012430238457635717,3942,15
7,3893,7,0.0017948717948717949,0.5,0.0035769034236075624,0.765134253735018,0.17046185743905043,0.8032861757399699,0.2226655350033518,0.0017948717948717949,3900,20
4,3893,4,0.0010264305876315114,0.5,0.00204865556978233,0.9813148702760519,0.05314709801671061,-0.35004113380807816,0.10581557355817825,0.0010264305876315114,3897,25
2,3893,3,0.0005134788189987163,0.4,0.0010256410256410256,0.9999999999999999,0.05150334075723828,-1.0,0.13933618934478859,0.0005134788189987163,3895,30
2,3893,1,0.0005134788189987163,0.6666666666666666,0.001026167265264238,0.9999999999999999,0.05150334075723828,-1.0,0.13933618934478859,0.0005134788189987163,3895,35
1,3893,1,0.00025680534155110427,0.5,0.000513347022587269,,0.0,,0.0,0.00025680534155110427,3894,40
1,3893,0,0.00025680534155110427,1.0,0.0005134788189987163,,0.0,,0.0,0.00025680534155110427,3894,45
0,3893,0,0.0,0.0,0.0,,0.0,,0.0,0.0,3893,50
0,3893,0,0.0,0.0,0.0,,0.0,,0.0,0.0,3893,55
0,3893,0,0.0,0.0,0.0,,0.0,,0.0,0.0,3893,60
0,3893,0,0.0,0.0,0.0,,0.0,,0.0,0.0,3893,65
0,3893,0,0.0,0.0,0.0,,0.0,,0.0,0.0,3893,70
0,3893,0,0.0,0.0,0.0,,0.0,,0.0,0.0,3893,75
0,3893,0,0.0,0.0,0.0,,0.0,,0.0,0.0,3893,80
0,3893,0,0.0,0.0,0.0,,0.0,,0.0,0.0,3893,85
0,3893,0,0.0,0.0,0.0,,0.0,,0.0,0.0,3893,90
0,3893,0,0.0,0.0,0.0,,0.0,,0.0,0.0,3893,95
