TP,FP,FN,precision,recall,F1,corr_reads_mapped,L1_f_unique_weighted_reads_mapped,corr_ave_abund,L1_average_abund_reads_mapped_div_gene_len,percent_correct_predictions,total_number_of_predictions,filter_threshold
10382,2044,27850,0.8355061966843714,0.2715526260724001,0.4098859015357891,0.3739373751598198,0.7284495897854975,0.2974410408559949,0.6237703944514434,0.8355061966843714,12426,0
3876,2044,2801,0.6547297297297298,0.5805002246517897,0.6153846153846154,0.3274710005914013,0.6483664573364374,0.27292681764395005,0.43872169398113037,0.6547297297297298,5920,5
1425,2044,292,0.4107812049582012,0.8299359347699475,0.5495564982645584,0.3059133753617706,0.5776044098769311,0.22554862651391724,0.30201914803220076,0.4107812049582012,3469,10
584,2044,47,0.2222222222222222,0.9255150554675119,0.35839214482970233,0.2590472007388811,0.5667600864339908,0.20038331484224267,0.2770394764340911,0.2222222222222222,2628,15
227,2044,10,0.09995596653456627,0.9578059071729957,0.1810207336523126,0.3490735060967604,0.5431248153490026,0.2759499635517297,0.2824855077523395,0.09995596653456627,2271,20
95,2044,4,0.04441327723235157,0.9595959595959596,0.08489722966934764,0.3554897805575002,0.49884907212160445,0.24862134798034083,0.27541902070049273,0.04441327723235157,2139,25
40,2044,2,0.019193857965451054,0.9523809523809523,0.03762935089369708,0.4037412787440034,0.48544973847708844,0.14934881872137248,0.3345136350724627,0.019193857965451054,2084,30
19,2044,1,0.009209888511875909,0.95,0.018242918867018725,0.5320737262478283,0.4897979844461426,0.681171402711115,0.1425675940328061,0.009209888511875909,2063,35
10,2044,0,0.004868549172346641,1.0,0.009689922480620157,0.7886882010008419,0.3854572662274687,0.6378318477766053,0.10024192801749114,0.004868549172346641,2054,40
6,2044,0,0.002926829268292683,1.0,0.005836575875486381,0.948633630753936,0.3129711887198688,0.9505231259885212,0.04922569121018934,0.002926829268292683,2050,45
4,2044,0,0.001953125,1.0,0.003898635477582846,0.9231837251728553,0.18813234891981984,0.9993914515221265,0.02257871518980603,0.001953125,2048,50
2,2044,0,0.0009775171065493646,1.0,0.001953125,1.0,0.05756306188315996,0.9999999999999999,0.027098880270049253,0.0009775171065493646,2046,55
2,2044,0,0.0009775171065493646,1.0,0.001953125,1.0,0.05756306188315996,0.9999999999999999,0.027098880270049253,0.0009775171065493646,2046,60
2,2044,0,0.0009775171065493646,1.0,0.001953125,1.0,0.05756306188315996,0.9999999999999999,0.027098880270049253,0.0009775171065493646,2046,65
2,2044,0,0.0009775171065493646,1.0,0.001953125,1.0,0.05756306188315996,0.9999999999999999,0.027098880270049253,0.0009775171065493646,2046,70
2,2044,0,0.0009775171065493646,1.0,0.001953125,1.0,0.05756306188315996,0.9999999999999999,0.027098880270049253,0.0009775171065493646,2046,75
2,2044,0,0.0009775171065493646,1.0,0.001953125,1.0,0.05756306188315996,0.9999999999999999,0.027098880270049253,0.0009775171065493646,2046,80
1,2044,0,0.0004889975550122249,1.0,0.0009775171065493646,,0.0,,0.0,0.0004889975550122249,2045,85
1,2044,0,0.0004889975550122249,1.0,0.0009775171065493646,,0.0,,0.0,0.0004889975550122249,2045,90
0,2044,0,0.0,0.0,0.0,,0.0,,0.0,0.0,2044,95
