TP,FP,FN,precision,recall,F1,corr_reads_mapped,L1_f_unique_weighted_reads_mapped,corr_ave_abund,L1_average_abund_reads_mapped_div_gene_len,percent_correct_predictions,total_number_of_predictions,filter_threshold
7358,1206,22112,0.8591779542269967,0.2496776382762131,0.38691696902771205,0.4542659427698952,0.6370940931281819,0.30941914388592845,0.5634096025607813,0.8591779542269967,8564,0
2738,1206,2670,0.6942190669371197,0.5062869822485208,0.5855431993156545,0.34039151466211603,0.6168399185016497,0.12523612276341495,0.4768556027583536,0.6942190669371197,3944,5
708,1206,908,0.36990595611285265,0.4381188118811881,0.40113314447592063,0.20905868097120675,0.6081250760316064,0.03773496682536587,0.4655684684122698,0.36990595611285265,1914,10
257,1206,438,0.17566643882433355,0.3697841726618705,0.23818350324374418,0.3410666217020713,0.46236902393626167,0.0800050874105169,0.34576789080754033,0.17566643882433355,1463,15
107,1206,297,0.08149276466108149,0.26485148514851486,0.12463599301106582,0.3640518780332209,0.3213575725257326,0.0926288748036034,0.23060970970943911,0.08149276466108149,1313,20
56,1206,249,0.044374009508716325,0.18360655737704917,0.07147415443522653,0.22040776295857736,0.3144315343526683,0.052321754834328174,0.24351305137855084,0.044374009508716325,1262,25
30,1206,233,0.024271844660194174,0.11406844106463879,0.04002668445630421,0.48961664438104047,0.1974113159921233,0.2147981027395955,0.22971822828476862,0.024271844660194174,1236,30
22,1206,224,0.017915309446254073,0.08943089430894309,0.029850746268656723,0.33489467641533693,0.22019485943258404,0.22112012607100257,0.2648366429405593,0.017915309446254073,1228,35
12,1206,208,0.009852216748768473,0.05454545454545454,0.016689847009735744,0.1389012632952834,0.2599995246373538,-0.011396940362339803,0.282921712212076,0.009852216748768473,1218,40
5,1206,195,0.004128819157720892,0.025,0.007087172218284904,0.8706186711521463,0.09279601990049746,-0.3630604890636063,0.14106232999600588,0.004128819157720892,1211,45
3,1206,181,0.0024813895781637717,0.016304347826086956,0.004307250538406317,-0.3088792003745602,0.04374197231340082,-0.522995618923701,0.17022250592130495,0.0024813895781637717,1209,50
0,1206,171,0.0,0.0,0.0,,0.0,,0.0,0.0,1206,55
0,1206,157,0.0,0.0,0.0,,0.0,,0.0,0.0,1206,60
0,1206,145,0.0,0.0,0.0,,0.0,,0.0,0.0,1206,65
0,1206,136,0.0,0.0,0.0,,0.0,,0.0,0.0,1206,70
0,1206,129,0.0,0.0,0.0,,0.0,,0.0,0.0,1206,75
0,1206,124,0.0,0.0,0.0,,0.0,,0.0,0.0,1206,80
0,1206,123,0.0,0.0,0.0,,0.0,,0.0,0.0,1206,85
0,1206,109,0.0,0.0,0.0,,0.0,,0.0,0.0,1206,90
0,1206,101,0.0,0.0,0.0,,0.0,,0.0,0.0,1206,95
