TP,FP,FN,precision,recall,F1,corr_reads_mapped,L1_f_unique_weighted_reads_mapped,corr_ave_abund,L1_average_abund_reads_mapped_div_gene_len,percent_correct_predictions,total_number_of_predictions,filter_threshold
3079,4311,17216,0.41664411366711773,0.15171224439517123,0.222430919270363,0.2572142507698247,0.9327903386258484,-0.03906054588787843,0.7254718068015913,0.41664411366711773,7390,0
421,4311,602,0.0889687235841082,0.4115347018572825,0.14630755864465683,0.23181160691689454,0.9171242188867722,-0.2640136365199526,0.596578201471454,0.0889687235841082,4732,5
103,4311,94,0.02333484367920254,0.5228426395939086,0.04467577531988723,0.3332874767903633,0.8413088849135782,-0.3004945647348722,0.43529658122659326,0.02333484367920254,4414,10
30,4311,30,0.006910850034554251,0.5,0.013633265167007498,0.23143227370505515,0.881999483054426,-0.3444630147688969,0.40145606562641273,0.006910850034554251,4341,15
13,4311,11,0.0030064754856614245,0.5416666666666666,0.005979760809567617,0.2176656887038618,0.9190736652963674,-0.38070430753480017,0.4184363938349295,0.0030064754856614245,4324,20
1,4311,2,0.00023191094619666049,0.3333333333333333,0.00046349942062572417,,0.0,,0.0,0.00023191094619666049,4312,25
0,4311,2,0.0,0.0,0.0,,0.0,,0.0,0.0,4311,30
0,4311,1,0.0,0.0,0.0,,0.0,,0.0,0.0,4311,35
0,4311,0,0.0,0.0,0.0,,0.0,,0.0,0.0,4311,40
0,4311,0,0.0,0.0,0.0,,0.0,,0.0,0.0,4311,45
0,4311,0,0.0,0.0,0.0,,0.0,,0.0,0.0,4311,50
0,4311,0,0.0,0.0,0.0,,0.0,,0.0,0.0,4311,55
0,4311,0,0.0,0.0,0.0,,0.0,,0.0,0.0,4311,60
0,4311,0,0.0,0.0,0.0,,0.0,,0.0,0.0,4311,65
0,4311,0,0.0,0.0,0.0,,0.0,,0.0,0.0,4311,70
0,4311,0,0.0,0.0,0.0,,0.0,,0.0,0.0,4311,75
0,4311,0,0.0,0.0,0.0,,0.0,,0.0,0.0,4311,80
0,4311,0,0.0,0.0,0.0,,0.0,,0.0,0.0,4311,85
0,4311,0,0.0,0.0,0.0,,0.0,,0.0,0.0,4311,90
0,4311,0,0.0,0.0,0.0,,0.0,,0.0,0.0,4311,95
