TP,FP,FN,precision,recall,F1,corr_reads_mapped,L1_f_unique_weighted_reads_mapped,corr_ave_abund,L1_average_abund_reads_mapped_div_gene_len,percent_correct_predictions,total_number_of_predictions,filter_threshold
5224,1574,16091,0.7684613121506325,0.2450856204550786,0.37164301212961975,0.45199314025533255,0.6148612400840814,0.2832195174517415,0.4962844911916233,0.7684613121506325,6798,0
470,1574,609,0.2299412915851272,0.4355885078776645,0.3009926352865834,0.3509554171964735,0.5762082416998294,0.13202681249072962,0.38518038411877265,0.2299412915851272,2044,5
25,1574,63,0.015634771732332707,0.2840909090909091,0.029638411381149973,0.2423214868906464,0.6771470605458174,0.23935837597102658,0.4062285384379226,0.015634771732332707,1599,10
3,1574,21,0.0019023462270133164,0.125,0.0037476577139287943,0.999676738706713,0.5789573316168654,-0.833335226704618,0.31404470452940053,0.0019023462270133164,1577,15
1,1574,6,0.0006349206349206349,0.14285714285714285,0.0012642225031605561,,0.0,,0.0,0.0006349206349206349,1575,20
1,1574,2,0.0006349206349206349,0.3333333333333333,0.0012674271229404308,,0.0,,0.0,0.0006349206349206349,1575,25
0,1574,0,0.0,0.0,0.0,,0.0,,0.0,0.0,1574,30
0,1574,0,0.0,0.0,0.0,,0.0,,0.0,0.0,1574,35
0,1574,0,0.0,0.0,0.0,,0.0,,0.0,0.0,1574,40
0,1574,0,0.0,0.0,0.0,,0.0,,0.0,0.0,1574,45
0,1574,0,0.0,0.0,0.0,,0.0,,0.0,0.0,1574,50
0,1574,0,0.0,0.0,0.0,,0.0,,0.0,0.0,1574,55
0,1574,0,0.0,0.0,0.0,,0.0,,0.0,0.0,1574,60
0,1574,0,0.0,0.0,0.0,,0.0,,0.0,0.0,1574,65
0,1574,0,0.0,0.0,0.0,,0.0,,0.0,0.0,1574,70
0,1574,0,0.0,0.0,0.0,,0.0,,0.0,0.0,1574,75
0,1574,0,0.0,0.0,0.0,,0.0,,0.0,0.0,1574,80
0,1574,0,0.0,0.0,0.0,,0.0,,0.0,0.0,1574,85
0,1574,0,0.0,0.0,0.0,,0.0,,0.0,0.0,1574,90
0,1574,0,0.0,0.0,0.0,,0.0,,0.0,0.0,1574,95
