TP,FP,FN,precision,recall,F1,corr_reads_mapped,L1_f_unique_weighted_reads_mapped,corr_ave_abund,L1_average_abund_reads_mapped_div_gene_len,percent_correct_predictions,total_number_of_predictions,filter_threshold
3728,1060,12567,0.7786131996658312,0.22878183491868673,0.35364986007683913,0.34289042649048734,0.6152785302207544,0.15387688168661065,0.5567897794648717,0.7786131996658312,4788,0
440,1060,634,0.29333333333333333,0.409683426443203,0.3418803418803419,0.37500140096221185,0.5101053004564524,0.01140438041306389,0.4223284210218433,0.29333333333333333,1500,5
44,1060,242,0.03985507246376811,0.15384615384615385,0.0633093525179856,0.3555577824256026,0.39166674813512103,0.05568261695137999,0.32415199029988256,0.03985507246376811,1104,10
11,1060,206,0.01027077497665733,0.05069124423963134,0.017080745341614908,0.4607757489693046,0.41896381431259455,-0.3209216490595691,0.3221528864333122,0.01027077497665733,1071,15
0,1060,164,0.0,0.0,0.0,,0.0,,0.0,0.0,1060,20
0,1060,139,0.0,0.0,0.0,,0.0,,0.0,0.0,1060,25
0,1060,109,0.0,0.0,0.0,,0.0,,0.0,0.0,1060,30
0,1060,88,0.0,0.0,0.0,,0.0,,0.0,0.0,1060,35
0,1060,78,0.0,0.0,0.0,,0.0,,0.0,0.0,1060,40
0,1060,59,0.0,0.0,0.0,,0.0,,0.0,0.0,1060,45
0,1060,51,0.0,0.0,0.0,,0.0,,0.0,0.0,1060,50
0,1060,39,0.0,0.0,0.0,,0.0,,0.0,0.0,1060,55
0,1060,30,0.0,0.0,0.0,,0.0,,0.0,0.0,1060,60
0,1060,22,0.0,0.0,0.0,,0.0,,0.0,0.0,1060,65
0,1060,17,0.0,0.0,0.0,,0.0,,0.0,0.0,1060,70
0,1060,11,0.0,0.0,0.0,,0.0,,0.0,0.0,1060,75
0,1060,8,0.0,0.0,0.0,,0.0,,0.0,0.0,1060,80
0,1060,8,0.0,0.0,0.0,,0.0,,0.0,0.0,1060,85
0,1060,7,0.0,0.0,0.0,,0.0,,0.0,0.0,1060,90
0,1060,4,0.0,0.0,0.0,,0.0,,0.0,0.0,1060,95
