TP,FP,FN,precision,recall,F1,corr_reads_mapped,L1_f_unique_weighted_reads_mapped,corr_ave_abund,L1_average_abund_reads_mapped_div_gene_len,percent_correct_predictions,total_number_of_predictions,filter_threshold
4946,3519,38721,0.5842882457176609,0.11326631094419126,0.18974909844241541,0.34400842512389285,0.9730720382502713,-0.04518607491578621,0.6896725618404775,0.5842882457176609,8465,0
1246,3519,4990,0.2614900314795383,0.19980756895445798,0.22652486137623853,0.4918337321943703,0.9437587449898678,-0.1559598602968678,0.555316522391611,0.2614900314795383,4765,5
219,3519,398,0.058587479935794544,0.3549432739059968,0.10057405281285879,0.568814592080723,0.9604724435571836,-0.28920136770824295,0.5493506981573139,0.058587479935794544,3738,10
29,3519,45,0.008173618940248028,0.3918918918918919,0.01601325234676974,0.6592538783963676,0.6981912644881264,-0.3447154028576522,0.5311871922290449,0.008173618940248028,3548,15
7,3519,7,0.0019852524106636414,0.5,0.0039548022598870055,0.6249442628525468,0.44124553808764344,-0.236123790147464,0.6129053941712554,0.0019852524106636414,3526,20
4,3519,4,0.0011353959693443088,0.5,0.0022656471254602095,0.7371833633450561,0.20471211232286807,0.2356477728312866,0.14007632592046917,0.0011353959693443088,3523,25
2,3519,3,0.0005680204487361545,0.4,0.0011344299489506522,-1.0,0.2022718073264595,1.0,0.1156920031834488,0.0005680204487361545,3521,30
2,3519,1,0.0005680204487361545,0.6666666666666666,0.0011350737797956867,-1.0,0.2022718073264595,1.0,0.1156920031834488,0.0005680204487361545,3521,35
1,3519,1,0.0002840909090909091,0.5,0.0005678591709256105,,0.0,,0.0,0.0002840909090909091,3520,40
1,3519,0,0.0002840909090909091,1.0,0.0005680204487361545,,0.0,,0.0,0.0002840909090909091,3520,45
0,3519,0,0.0,0.0,0.0,,0.0,,0.0,0.0,3519,50
0,3519,0,0.0,0.0,0.0,,0.0,,0.0,0.0,3519,55
0,3519,0,0.0,0.0,0.0,,0.0,,0.0,0.0,3519,60
0,3519,0,0.0,0.0,0.0,,0.0,,0.0,0.0,3519,65
0,3519,0,0.0,0.0,0.0,,0.0,,0.0,0.0,3519,70
0,3519,0,0.0,0.0,0.0,,0.0,,0.0,0.0,3519,75
0,3519,0,0.0,0.0,0.0,,0.0,,0.0,0.0,3519,80
0,3519,0,0.0,0.0,0.0,,0.0,,0.0,0.0,3519,85
0,3519,0,0.0,0.0,0.0,,0.0,,0.0,0.0,3519,90
0,3519,0,0.0,0.0,0.0,,0.0,,0.0,0.0,3519,95
