TP,FP,FN,precision,recall,F1,corr_reads_mapped,L1_f_unique_weighted_reads_mapped,corr_ave_abund,L1_average_abund_reads_mapped_div_gene_len,percent_correct_predictions,total_number_of_predictions,filter_threshold
5082,1231,15213,0.8050055441153176,0.25040650406504067,0.3819903788334336,0.4126839286179942,0.5523091723729223,0.2958380503144455,0.5585660685917497,0.8050055441153176,6313,0
700,1231,323,0.3625064733298809,0.6842619745845552,0.4739336492890995,0.35750536269379923,0.43722512232801086,0.3377007236359083,0.44237091778559934,0.3625064733298809,1931,5
127,1231,70,0.093519882179676,0.6446700507614214,0.16334405144694533,0.6913810428887057,0.24995100648610155,0.5765009403879684,0.24946143856529476,0.093519882179676,1358,10
33,1231,27,0.02610759493670886,0.55,0.04984894259818731,0.5355189035437631,0.21056202579435618,0.7977911749553906,0.19225680371046266,0.02610759493670886,1264,15
14,1231,10,0.011244979919678716,0.5833333333333334,0.022064617809298658,0.5502754331127141,0.2115159781760994,0.9128626280119445,0.14994755102577612,0.011244979919678716,1245,20
1,1231,2,0.0008116883116883117,0.3333333333333333,0.001619433198380567,,0.0,,0.0,0.0008116883116883117,1232,25
0,1231,2,0.0,0.0,0.0,,0.0,,0.0,0.0,1231,30
0,1231,1,0.0,0.0,0.0,,0.0,,0.0,0.0,1231,35
0,1231,0,0.0,0.0,0.0,,0.0,,0.0,0.0,1231,40
0,1231,0,0.0,0.0,0.0,,0.0,,0.0,0.0,1231,45
0,1231,0,0.0,0.0,0.0,,0.0,,0.0,0.0,1231,50
0,1231,0,0.0,0.0,0.0,,0.0,,0.0,0.0,1231,55
0,1231,0,0.0,0.0,0.0,,0.0,,0.0,0.0,1231,60
0,1231,0,0.0,0.0,0.0,,0.0,,0.0,0.0,1231,65
0,1231,0,0.0,0.0,0.0,,0.0,,0.0,0.0,1231,70
0,1231,0,0.0,0.0,0.0,,0.0,,0.0,0.0,1231,75
0,1231,0,0.0,0.0,0.0,,0.0,,0.0,0.0,1231,80
0,1231,0,0.0,0.0,0.0,,0.0,,0.0,0.0,1231,85
0,1231,0,0.0,0.0,0.0,,0.0,,0.0,0.0,1231,90
0,1231,0,0.0,0.0,0.0,,0.0,,0.0,0.0,1231,95
