TP,FP,FN,precision,recall,F1,corr_reads_mapped,L1_f_unique_weighted_reads_mapped,corr_ave_abund,L1_average_abund_reads_mapped_div_gene_len,percent_correct_predictions,total_number_of_predictions,filter_threshold
5434,3096,32459,0.6370457209847596,0.14340379489615496,0.2341080929711565,0.23061152487201048,1.0442956108277204,-0.01633454569026486,0.8718736709040285,0.6370457209847596,8530,0
1796,3096,4788,0.3671300081766149,0.27278250303766705,0.3130010456605089,0.22051719666343206,0.9670543950000132,-0.090990258793448,0.6889777918493367,0.3671300081766149,4892,5
753,3096,558,0.1956352299298519,0.5743707093821511,0.29186046511627906,0.24396409396566793,0.9116734203547534,-0.22928722746940494,0.5279240630539244,0.1956352299298519,3849,10
431,3096,115,0.1222001701162461,0.7893772893772893,0.21163761355266392,0.3384719112299226,0.7969020904400987,-0.2966132474861777,0.4333528922332235,0.1222001701162461,3527,15
250,3096,24,0.07471607890017933,0.9124087591240876,0.138121546961326,0.3183927573783363,0.7474897812005539,-0.3640780040756283,0.3894957752240189,0.07471607890017933,3346,20
127,3096,6,0.03940428172510084,0.9548872180451128,0.07568533969010728,0.32678776010073246,0.6632529275598851,-0.39069148976813906,0.32647031319967007,0.03940428172510084,3223,25
77,3096,4,0.024267254963756698,0.9506172839506173,0.04732636754763368,0.3214049169472759,0.6512227368467068,-0.4597198025096186,0.32907349705235645,0.024267254963756698,3173,30
39,3096,3,0.012440191387559809,0.9285714285714286,0.024551463644948066,0.3526927200974932,0.5729241690830787,-0.41806473493730495,0.2594562331078335,0.012440191387559809,3135,35
23,3096,1,0.007374158384097467,0.9583333333333334,0.014635698377346483,0.17259088044306506,0.5759737669243714,-0.7101425943684185,0.265935460578172,0.007374158384097467,3119,40
14,3096,0,0.0045016077170418,1.0,0.008962868117797694,0.05388669373130743,0.6703004615461241,-0.8013251544010039,0.3131144693647126,0.0045016077170418,3110,45
8,3096,0,0.002577319587628866,1.0,0.005141388174807198,-0.18673447110293986,0.7932630012327612,-0.8042830016075299,0.3750217022948224,0.002577319587628866,3104,50
4,3096,0,0.0012903225806451613,1.0,0.002577319587628866,-0.7508939260643638,1.0403419299866643,-0.8953355441960823,0.5759528515589081,0.0012903225806451613,3100,55
3,3096,0,0.000968054211035818,1.0,0.0019342359767891685,-0.9902742100045804,0.47902276354988116,-0.9980447761823389,0.25544183189838676,0.000968054211035818,3099,60
2,3096,0,0.0006455777921239509,1.0,0.0012903225806451613,-1.0,0.5279529213955925,-1.0,0.3817676976424896,0.0006455777921239509,3098,65
1,3096,0,0.00032289312237649337,1.0,0.0006455777921239509,,0.0,,0.0,0.00032289312237649337,3097,70
1,3096,0,0.00032289312237649337,1.0,0.0006455777921239509,,0.0,,0.0,0.00032289312237649337,3097,75
0,3096,0,0.0,0.0,0.0,,0.0,,0.0,0.0,3096,80
0,3096,0,0.0,0.0,0.0,,0.0,,0.0,0.0,3096,85
0,3096,0,0.0,0.0,0.0,,0.0,,0.0,0.0,3096,90
0,3096,0,0.0,0.0,0.0,,0.0,,0.0,0.0,3096,95
