TP,FP,FN,precision,recall,F1,corr_reads_mapped,L1_f_unique_weighted_reads_mapped,corr_ave_abund,L1_average_abund_reads_mapped_div_gene_len,percent_correct_predictions,total_number_of_predictions,filter_threshold
3465,2496,19097,0.5812783090085556,0.15357681056643915,0.24296182028538377,0.1453154371459533,0.5845876397200547,0.19749843535009606,0.49418375594770786,0.5812783090085556,5961,0
117,2496,596,0.04477611940298507,0.1640953716690042,0.0703547805171377,0.39102972282217763,0.4207374794789202,0.46213742491064314,0.4316960453515503,0.04477611940298507,2613,5
3,2496,19,0.0012004801920768306,0.13636363636363635,0.002380007933359778,-0.0653967650488529,0.2986080586080586,0.9549488248927579,0.23646336948611613,0.0012004801920768306,2499,10
1,2496,2,0.00040048057669203043,0.3333333333333333,0.0008,,0.0,,0.0,0.00040048057669203043,2497,15
0,2496,1,0.0,0.0,0.0,,0.0,,0.0,0.0,2496,20
0,2496,1,0.0,0.0,0.0,,0.0,,0.0,0.0,2496,25
0,2496,0,0.0,0.0,0.0,,0.0,,0.0,0.0,2496,30
0,2496,0,0.0,0.0,0.0,,0.0,,0.0,0.0,2496,35
0,2496,0,0.0,0.0,0.0,,0.0,,0.0,0.0,2496,40
0,2496,0,0.0,0.0,0.0,,0.0,,0.0,0.0,2496,45
0,2496,0,0.0,0.0,0.0,,0.0,,0.0,0.0,2496,50
0,2496,0,0.0,0.0,0.0,,0.0,,0.0,0.0,2496,55
0,2496,0,0.0,0.0,0.0,,0.0,,0.0,0.0,2496,60
0,2496,0,0.0,0.0,0.0,,0.0,,0.0,0.0,2496,65
0,2496,0,0.0,0.0,0.0,,0.0,,0.0,0.0,2496,70
0,2496,0,0.0,0.0,0.0,,0.0,,0.0,0.0,2496,75
0,2496,0,0.0,0.0,0.0,,0.0,,0.0,0.0,2496,80
0,2496,0,0.0,0.0,0.0,,0.0,,0.0,0.0,2496,85
0,2496,0,0.0,0.0,0.0,,0.0,,0.0,0.0,2496,90
0,2496,0,0.0,0.0,0.0,,0.0,,0.0,0.0,2496,95
