TP,FP,FN,precision,recall,F1,corr_reads_mapped,L1_f_unique_weighted_reads_mapped,corr_ave_abund,L1_average_abund_reads_mapped_div_gene_len,percent_correct_predictions,total_number_of_predictions,filter_threshold
3822,1889,15206,0.669234810015759,0.20086188774437672,0.3089858118759853,0.42886523487243516,0.4761887885035196,0.2851717164992709,0.5703945029194248,0.669234810015759,5711,0
667,1889,349,0.2609546165884194,0.656496062992126,0.3734602463605823,0.6221525156120559,0.3025076205755834,0.39260526850960786,0.3304188706848056,0.2609546165884194,2556,5
91,1889,104,0.04595959595959596,0.4666666666666667,0.08367816091954022,0.6197246199430557,0.2208372517486798,0.6573526595999457,0.23397968601053645,0.04595959595959596,1980,10
14,1889,53,0.007356805044666317,0.208955223880597,0.014213197969543147,0.6883368831154583,0.1547702373328964,0.6265354434126705,0.19174731436217893,0.007356805044666317,1903,15
2,1889,24,0.0010576414595452142,0.07692307692307693,0.0020865936358894104,1.0,0.19924812030075184,1.0,0.3951958927721731,0.0010576414595452142,1891,20
1,1889,10,0.0005291005291005291,0.09090909090909091,0.0010520778537611783,,0.0,,0.0,0.0005291005291005291,1890,25
0,1889,7,0.0,0.0,0.0,,0.0,,0.0,0.0,1889,30
0,1889,1,0.0,0.0,0.0,,0.0,,0.0,0.0,1889,35
0,1889,0,0.0,0.0,0.0,,0.0,,0.0,0.0,1889,40
0,1889,0,0.0,0.0,0.0,,0.0,,0.0,0.0,1889,45
0,1889,0,0.0,0.0,0.0,,0.0,,0.0,0.0,1889,50
0,1889,0,0.0,0.0,0.0,,0.0,,0.0,0.0,1889,55
0,1889,0,0.0,0.0,0.0,,0.0,,0.0,0.0,1889,60
0,1889,0,0.0,0.0,0.0,,0.0,,0.0,0.0,1889,65
0,1889,0,0.0,0.0,0.0,,0.0,,0.0,0.0,1889,70
0,1889,0,0.0,0.0,0.0,,0.0,,0.0,0.0,1889,75
0,1889,0,0.0,0.0,0.0,,0.0,,0.0,0.0,1889,80
0,1889,0,0.0,0.0,0.0,,0.0,,0.0,0.0,1889,85
0,1889,0,0.0,0.0,0.0,,0.0,,0.0,0.0,1889,90
0,1889,0,0.0,0.0,0.0,,0.0,,0.0,0.0,1889,95
