TP,FP,FN,precision,recall,F1,corr_reads_mapped,L1_f_unique_weighted_reads_mapped,corr_ave_abund,L1_average_abund_reads_mapped_div_gene_len,percent_correct_predictions,total_number_of_predictions,filter_threshold
5931,1153,15183,0.8372388481084133,0.28090366581415177,0.42066813249166607,0.32173496406080443,0.5383565248707716,0.2546288771934068,0.457295712327743,0.8372388481084133,7084,0
796,1153,292,0.40841457157516675,0.7316176470588235,0.5242015146526178,0.23156017302600088,0.4841420659750729,0.29422198380637615,0.32831983404367904,0.40841457157516675,1949,5
29,1153,15,0.024534686971235193,0.6590909090909091,0.04730831973898858,0.4014291840918666,0.3751875142457802,0.5835344613811956,0.30110535320008397,0.024534686971235193,1182,10
4,1153,1,0.003457216940363008,0.8,0.0068846815834767644,0.6926789743934108,0.17424812030075199,0.9511082518896726,0.32568786419191276,0.003457216940363008,1157,15
1,1153,0,0.0008665511265164644,1.0,0.0017316017316017316,,0.0,,0.0,0.0008665511265164644,1154,20
0,1153,0,0.0,0.0,0.0,,0.0,,0.0,0.0,1153,25
0,1153,0,0.0,0.0,0.0,,0.0,,0.0,0.0,1153,30
0,1153,0,0.0,0.0,0.0,,0.0,,0.0,0.0,1153,35
0,1153,0,0.0,0.0,0.0,,0.0,,0.0,0.0,1153,40
0,1153,0,0.0,0.0,0.0,,0.0,,0.0,0.0,1153,45
0,1153,0,0.0,0.0,0.0,,0.0,,0.0,0.0,1153,50
0,1153,0,0.0,0.0,0.0,,0.0,,0.0,0.0,1153,55
0,1153,0,0.0,0.0,0.0,,0.0,,0.0,0.0,1153,60
0,1153,0,0.0,0.0,0.0,,0.0,,0.0,0.0,1153,65
0,1153,0,0.0,0.0,0.0,,0.0,,0.0,0.0,1153,70
0,1153,0,0.0,0.0,0.0,,0.0,,0.0,0.0,1153,75
0,1153,0,0.0,0.0,0.0,,0.0,,0.0,0.0,1153,80
0,1153,0,0.0,0.0,0.0,,0.0,,0.0,0.0,1153,85
0,1153,0,0.0,0.0,0.0,,0.0,,0.0,0.0,1153,90
0,1153,0,0.0,0.0,0.0,,0.0,,0.0,0.0,1153,95
