TP,FP,FN,precision,recall,F1,corr_reads_mapped,L1_f_unique_weighted_reads_mapped,corr_ave_abund,L1_average_abund_reads_mapped_div_gene_len,percent_correct_predictions,total_number_of_predictions,filter_threshold
3591,4684,25879,0.43395770392749244,0.12185273159144894,0.1902768578619685,0.20741850068039155,1.0458968039393182,0.010582093745187177,0.85787419892282,0.43395770392749244,8275,0
1171,4684,4237,0.2,0.21653106508875739,0.2079374944508568,0.3070449738997819,0.859074307028662,-0.04912072214368247,0.5867532136713577,0.2,5855,5
458,4684,1158,0.08907040062232595,0.2834158415841584,0.13554306007694583,0.2904501333869642,0.8144771872109016,-0.13577073870460998,0.4891250839168648,0.08907040062232595,5142,10
220,4684,475,0.044861337683523655,0.31654676258992803,0.07858546168958742,0.3402346647639694,0.7335799555328533,-0.2768143283523753,0.4167414918900073,0.044861337683523655,4904,15
99,4684,305,0.020698306502195275,0.24504950495049505,0.038172353961827644,0.3811185968486233,0.5868573056129069,-0.14393346852151273,0.31158582342317204,0.020698306502195275,4783,20
55,4684,250,0.011605824013504958,0.18032786885245902,0.021808088818398096,0.2759153588743009,0.593584369104392,-0.24087141910144227,0.2905446422781818,0.011605824013504958,4739,25
30,4684,233,0.006364022061943148,0.11406844106463879,0.012055455093429777,0.1855269493598116,0.5365246169374132,-0.26801612289967874,0.24268741927568813,0.006364022061943148,4714,30
22,4684,224,0.004674883127921802,0.08943089430894309,0.00888529886914378,0.006288547784981516,0.5318574180260428,-0.30585488856234805,0.22594628937215014,0.004674883127921802,4706,35
12,4684,208,0.002555366269165247,0.05454545454545454,0.004882017900732302,0.543129737293467,0.310698035259033,-0.06427164216195837,0.1601797592499426,0.002555366269165247,4696,40
5,4684,195,0.0010663254425250586,0.025,0.002045408058907752,0.097006763841252,0.2674591673000779,-0.830141314419932,0.16947119584280848,0.0010663254425250586,4689,45
3,4684,181,0.0006400682739492212,0.016304347826086956,0.0012317799219872716,0.7389286052594702,0.36308146790496826,-0.9173837380202756,0.23997796439381966,0.0006400682739492212,4687,50
0,4684,171,0.0,0.0,0.0,,0.0,,0.0,0.0,4684,55
0,4684,157,0.0,0.0,0.0,,0.0,,0.0,0.0,4684,60
0,4684,145,0.0,0.0,0.0,,0.0,,0.0,0.0,4684,65
0,4684,136,0.0,0.0,0.0,,0.0,,0.0,0.0,4684,70
0,4684,129,0.0,0.0,0.0,,0.0,,0.0,0.0,4684,75
0,4684,124,0.0,0.0,0.0,,0.0,,0.0,0.0,4684,80
0,4684,123,0.0,0.0,0.0,,0.0,,0.0,0.0,4684,85
0,4684,109,0.0,0.0,0.0,,0.0,,0.0,0.0,4684,90
0,4684,101,0.0,0.0,0.0,,0.0,,0.0,0.0,4684,95
