TP,FP,FN,precision,recall,F1,corr_reads_mapped,L1_f_unique_weighted_reads_mapped,corr_ave_abund,L1_average_abund_reads_mapped_div_gene_len,percent_correct_predictions,total_number_of_predictions,filter_threshold
9198,3457,26381,0.7268273409719479,0.2585232862081565,0.3813907202388357,0.3455608457740935,0.5691752527935507,0.28850689851433614,0.5292954509547212,0.7268273409719479,12655,0
3624,3457,4287,0.5117921197570965,0.45809632157755026,0.4834578441835646,0.39980996162385724,0.44804826330892145,0.2878869400986587,0.32422230225262916,0.5117921197570965,7081,5
982,3457,952,0.2212209957197567,0.5077559462254395,0.30817511376117995,0.3129278996032702,0.4542979159831165,0.206990122912292,0.261194502089236,0.2212209957197567,4439,10
289,3457,263,0.07714895888948212,0.5235507246376812,0.13448115402512795,0.2471004646547718,0.48821269879623685,0.16622092481935424,0.2660875110773274,0.07714895888948212,3746,15
95,3457,107,0.026745495495495496,0.47029702970297027,0.05061267980820458,0.10557913744212753,0.5699730598833491,0.03216813923733708,0.35848963935196626,0.026745495495495496,3552,20
29,3457,47,0.00831899024670109,0.3815789473684211,0.016282987085906794,0.281101462498005,0.42024080834153754,0.4502115589406679,0.20768979949228417,0.00831899024670109,3486,25
12,3457,30,0.003459210147016431,0.2857142857142857,0.006835659356308743,0.1686888101531676,0.5103378299882133,0.6340359719272063,0.2038177754589705,0.003459210147016431,3469,30
3,3457,17,0.0008670520231213873,0.15,0.0017241379310344825,0.9926705774957506,0.047290228081188546,-0.36031370786101324,0.05936185064115229,0.0008670520231213873,3460,35
2,3457,6,0.0005782017924255566,0.25,0.0011537352177675225,1.0,0.012741550542767044,0.9999999999999999,0.017451765216763226,0.0005782017924255566,3459,40
2,3457,2,0.0005782017924255566,0.5,0.0011550678602367892,1.0,0.012741550542767044,0.9999999999999999,0.017451765216763226,0.0005782017924255566,3459,45
2,3457,2,0.0005782017924255566,0.5,0.0011550678602367892,1.0,0.012741550542767044,0.9999999999999999,0.017451765216763226,0.0005782017924255566,3459,50
1,3457,1,0.0002891844997108155,0.5,0.0005780346820809248,,0.0,,0.0,0.0002891844997108155,3458,55
1,3457,1,0.0002891844997108155,0.5,0.0005780346820809248,,0.0,,0.0,0.0002891844997108155,3458,60
1,3457,0,0.0002891844997108155,1.0,0.0005782017924255565,,0.0,,0.0,0.0002891844997108155,3458,65
1,3457,0,0.0002891844997108155,1.0,0.0005782017924255565,,0.0,,0.0,0.0002891844997108155,3458,70
0,3457,0,0.0,0.0,0.0,,0.0,,0.0,0.0,3457,75
0,3457,0,0.0,0.0,0.0,,0.0,,0.0,0.0,3457,80
0,3457,0,0.0,0.0,0.0,,0.0,,0.0,0.0,3457,85
0,3457,0,0.0,0.0,0.0,,0.0,,0.0,0.0,3457,90
0,3457,0,0.0,0.0,0.0,,0.0,,0.0,0.0,3457,95
