TP,FP,FN,precision,recall,F1,corr_reads_mapped,L1_f_unique_weighted_reads_mapped,corr_ave_abund,L1_average_abund_reads_mapped_div_gene_len,percent_correct_predictions,total_number_of_predictions,filter_threshold
10093,3769,25319,0.7281056124657337,0.28501637862871343,0.4096683849494662,0.3799265859395878,0.6631239378894608,0.32061209555169773,0.5581888005481275,0.7281056124657337,13862,0
4124,3769,3160,0.5224882807550995,0.5661724327292696,0.5434539105225011,0.3959611597514718,0.5330583019202642,0.35516282701701574,0.39506275009933933,0.5224882807550995,7893,5
1074,3769,324,0.22176336981209993,0.7682403433476395,0.3441756128825509,0.37602303066835024,0.47113868002135445,0.35923790774678066,0.3455387222955376,0.22176336981209993,4843,10
395,3769,51,0.09486071085494717,0.8856502242152466,0.17136659436008678,0.29209540318477417,0.45264782058198183,0.2774146977687822,0.30055813160644684,0.09486071085494717,4164,15
184,3769,8,0.046546926385024036,0.9583333333333334,0.0887816646562123,0.39583210218161863,0.38419669692656755,0.4338008545081303,0.24375095357800983,0.046546926385024036,3953,20
88,3769,3,0.022815659839253304,0.967032967032967,0.044579533941236066,0.2640107684553648,0.4014303131507623,0.3570392001283925,0.2521440053582793,0.022815659839253304,3857,25
48,3769,2,0.012575320932669635,0.96,0.02482544608223429,-0.010662462908584835,0.38878732294846696,0.26911993573964643,0.2698767911566424,0.012575320932669635,3817,30
32,3769,1,0.008418837148118917,0.9696969696969697,0.016692749087115287,-0.0876706531236889,0.33867706019718535,0.7671368378858671,0.1968800762390826,0.008418837148118917,3801,35
22,3769,1,0.005803218148245845,0.9565217391304348,0.011536444677503933,-0.2937241843864418,0.3449608253331423,0.7154505919166895,0.17637497405509706,0.005803218148245845,3791,40
8,3769,0,0.0021180831347630395,1.0,0.004227212681638045,-0.8154540441362272,0.4192459708711581,0.7349345101468229,0.1645750087664387,0.0021180831347630395,3777,45
4,3769,0,0.0010601643254704478,1.0,0.0021180831347630395,-0.9486832980505141,0.2216755500888342,0.43089615605914366,0.08807038150736513,0.0010601643254704478,3773,50
2,3769,0,0.0005303632988597189,1.0,0.0010601643254704478,-1.0,0.08210180623973728,0.9999999999999999,0.036467481013000125,0.0005303632988597189,3771,55
1,3769,0,0.0002652519893899204,1.0,0.0005303632988597188,,0.0,,0.0,0.0002652519893899204,3770,60
0,3769,0,0.0,0.0,0.0,,0.0,,0.0,0.0,3769,65
0,3769,0,0.0,0.0,0.0,,0.0,,0.0,0.0,3769,70
0,3769,0,0.0,0.0,0.0,,0.0,,0.0,0.0,3769,75
0,3769,0,0.0,0.0,0.0,,0.0,,0.0,0.0,3769,80
0,3769,0,0.0,0.0,0.0,,0.0,,0.0,0.0,3769,85
0,3769,0,0.0,0.0,0.0,,0.0,,0.0,0.0,3769,90
0,3769,0,0.0,0.0,0.0,,0.0,,0.0,0.0,3769,95
