TP,FP,FN,precision,recall,F1,corr_reads_mapped,L1_f_unique_weighted_reads_mapped,corr_ave_abund,L1_average_abund_reads_mapped_div_gene_len,percent_correct_predictions,total_number_of_predictions,filter_threshold
3140,4361,17793,0.41861085188641517,0.15000238857306644,0.2208623478933671,0.2543197565045614,0.9492114658644282,-0.06193800082288159,0.6817508225603691,0.41861085188641517,7501,0
414,4361,433,0.08670157068062827,0.4887839433293979,0.1472785485592316,0.27943867830653857,0.9457031956757331,-0.20367248580100428,0.5544343225318997,0.08670157068062827,4775,5
69,4361,16,0.015575620767494356,0.8117647058823529,0.030564784053156147,0.1253051849918394,0.9579030420233441,-0.24274447502279176,0.5024601414609461,0.015575620767494356,4430,10
16,4361,1,0.003655471784327165,0.9411764705882353,0.007282658170232135,-0.01818161840060207,0.883441505093723,-0.1894871301511848,0.46952659920196405,0.003655471784327165,4377,15
1,4361,0,0.00022925263640531865,1.0,0.0004584001833600733,,0.0,,0.0,0.00022925263640531865,4362,20
0,4361,0,0.0,0.0,0.0,,0.0,,0.0,0.0,4361,25
0,4361,0,0.0,0.0,0.0,,0.0,,0.0,0.0,4361,30
0,4361,0,0.0,0.0,0.0,,0.0,,0.0,0.0,4361,35
0,4361,0,0.0,0.0,0.0,,0.0,,0.0,0.0,4361,40
0,4361,0,0.0,0.0,0.0,,0.0,,0.0,0.0,4361,45
0,4361,0,0.0,0.0,0.0,,0.0,,0.0,0.0,4361,50
0,4361,0,0.0,0.0,0.0,,0.0,,0.0,0.0,4361,55
0,4361,0,0.0,0.0,0.0,,0.0,,0.0,0.0,4361,60
0,4361,0,0.0,0.0,0.0,,0.0,,0.0,0.0,4361,65
0,4361,0,0.0,0.0,0.0,,0.0,,0.0,0.0,4361,70
0,4361,0,0.0,0.0,0.0,,0.0,,0.0,0.0,4361,75
0,4361,0,0.0,0.0,0.0,,0.0,,0.0,0.0,4361,80
0,4361,0,0.0,0.0,0.0,,0.0,,0.0,0.0,4361,85
0,4361,0,0.0,0.0,0.0,,0.0,,0.0,0.0,4361,90
0,4361,0,0.0,0.0,0.0,,0.0,,0.0,0.0,4361,95
