TP,FP,FN,precision,recall,F1,corr_reads_mapped,L1_f_unique_weighted_reads_mapped,corr_ave_abund,L1_average_abund_reads_mapped_div_gene_len,percent_correct_predictions,total_number_of_predictions,filter_threshold
11173,2644,20897,0.8086415285517841,0.3483941378235111,0.48697888290801317,0.42905866290058603,0.5978358309906295,0.2712571829677087,0.47945067438603206,0.8086415285517841,13817,0
5275,2644,2044,0.6661194595277181,0.7207268752561825,0.6923480771754823,0.37771403246442886,0.5701183953203974,0.23182486791919737,0.32560218743600255,0.6661194595277181,7919,5
1310,2644,483,0.33131006575619626,0.7306190741773564,0.4558900295806508,0.27106956771710466,0.5564784335520548,0.1768527852881294,0.2951115912207618,0.33131006575619626,3954,10
285,2644,277,0.09730283373164902,0.5071174377224199,0.16327699799484385,0.3210305419166139,0.5336938927628047,0.20531139028297,0.2909674274771815,0.09730283373164902,2929,15
53,2644,237,0.0196514645902855,0.18275862068965518,0.03548711081352528,0.3686389806179182,0.5260386008954384,0.1780854820848717,0.28145627475198143,0.0196514645902855,2697,20
15,2644,214,0.005641218503196691,0.06550218340611354,0.01038781163434903,0.38192395254778455,0.2987606001304631,0.833885177408214,0.16055974103673828,0.005641218503196691,2659,25
7,2644,193,0.002640513013956997,0.035,0.004910557699052963,0.8581905442718134,0.09126532676020736,0.5160778231687222,0.10040098526711028,0.002640513013956997,2651,30
5,2644,179,0.001887504718761797,0.02717391304347826,0.0035298270384751147,0.8765624358352445,0.07317027609310209,0.2378764440239681,0.12616646932479272,0.001887504718761797,2649,35
5,2644,166,0.001887504718761797,0.029239766081871343,0.0035460992907801418,0.8765624358352445,0.07317027609310209,0.2378764440239681,0.12616646932479272,0.001887504718761797,2649,40
3,2644,147,0.0011333585190782018,0.02,0.0021451555237754737,0.8151578415767962,0.049005847953216386,-0.04939610302905682,0.07247362882567848,0.0011333585190782018,2647,45
2,2644,127,0.0007558578987150416,0.015503875968992248,0.0014414414414414415,1.0,0.04061532832248338,-1.0,0.10690339501619645,0.0007558578987150416,2646,50
1,2644,120,0.0003780718336483932,0.008264462809917356,0.0007230657989877079,,0.0,,0.0,0.0003780718336483932,2645,55
0,2644,110,0.0,0.0,0.0,,0.0,,0.0,0.0,2644,60
0,2644,97,0.0,0.0,0.0,,0.0,,0.0,0.0,2644,65
0,2644,91,0.0,0.0,0.0,,0.0,,0.0,0.0,2644,70
0,2644,79,0.0,0.0,0.0,,0.0,,0.0,0.0,2644,75
0,2644,71,0.0,0.0,0.0,,0.0,,0.0,0.0,2644,80
0,2644,62,0.0,0.0,0.0,,0.0,,0.0,0.0,2644,85
0,2644,58,0.0,0.0,0.0,,0.0,,0.0,0.0,2644,90
0,2644,50,0.0,0.0,0.0,,0.0,,0.0,0.0,2644,95
