TP,FP,FN,precision,recall,F1,corr_reads_mapped,L1_f_unique_weighted_reads_mapped,corr_ave_abund,L1_average_abund_reads_mapped_div_gene_len,percent_correct_predictions,total_number_of_predictions,filter_threshold
3853,1015,12442,0.7914954806902219,0.23645289966247315,0.3641260690828333,0.3930943296623246,0.585148551187153,0.17841066088725835,0.5531125566479806,0.7914954806902219,4868,0
441,1015,633,0.30288461538461536,0.4106145251396648,0.3486166007905138,0.26379105619629406,0.4916466389920374,-0.011851055495658009,0.4206138185162413,0.30288461538461536,1456,5
44,1015,242,0.04154863078375826,0.15384615384615385,0.0654275092936803,0.1906712641979046,0.3222005462348142,0.11495191770512622,0.27606391238513456,0.04154863078375826,1059,10
11,1015,206,0.010721247563352826,0.05069124423963134,0.017699115044247787,0.7297572996090392,0.15885982445467978,-0.1156272999039559,0.1846805078035123,0.010721247563352826,1026,15
0,1015,164,0.0,0.0,0.0,,0.0,,0.0,0.0,1015,20
0,1015,139,0.0,0.0,0.0,,0.0,,0.0,0.0,1015,25
0,1015,109,0.0,0.0,0.0,,0.0,,0.0,0.0,1015,30
0,1015,88,0.0,0.0,0.0,,0.0,,0.0,0.0,1015,35
0,1015,78,0.0,0.0,0.0,,0.0,,0.0,0.0,1015,40
0,1015,59,0.0,0.0,0.0,,0.0,,0.0,0.0,1015,45
0,1015,51,0.0,0.0,0.0,,0.0,,0.0,0.0,1015,50
0,1015,39,0.0,0.0,0.0,,0.0,,0.0,0.0,1015,55
0,1015,30,0.0,0.0,0.0,,0.0,,0.0,0.0,1015,60
0,1015,22,0.0,0.0,0.0,,0.0,,0.0,0.0,1015,65
0,1015,17,0.0,0.0,0.0,,0.0,,0.0,0.0,1015,70
0,1015,11,0.0,0.0,0.0,,0.0,,0.0,0.0,1015,75
0,1015,8,0.0,0.0,0.0,,0.0,,0.0,0.0,1015,80
0,1015,8,0.0,0.0,0.0,,0.0,,0.0,0.0,1015,85
0,1015,7,0.0,0.0,0.0,,0.0,,0.0,0.0,1015,90
0,1015,4,0.0,0.0,0.0,,0.0,,0.0,0.0,1015,95
