TP,FP,FN,precision,recall,F1,corr_reads_mapped,L1_f_unique_weighted_reads_mapped,corr_ave_abund,L1_average_abund_reads_mapped_div_gene_len,percent_correct_predictions,total_number_of_predictions,filter_threshold
9549,3409,23264,0.7369192776663065,0.2910127083777771,0.41725109785672143,0.39643817828764955,0.6612203473182615,0.29820553911593634,0.5515227911233986,0.7369192776663065,12958,0
4430,3409,3623,0.5651231024365353,0.5501055507264373,0.5575132141958217,0.4030152796906231,0.5628473126071334,0.3073125386868329,0.39975075323796283,0.5651231024365353,7839,5
1302,3409,357,0.2763744427934621,0.7848101265822784,0.4087912087912088,0.3483754651202131,0.5047793105805709,0.3531148219006357,0.3731842990785932,0.2763744427934621,4711,10
445,3409,58,0.1154644525168656,0.8846918489065606,0.20426899242598118,0.47738899002060053,0.40788128115679356,0.5637237395791557,0.27493963479310934,0.1154644525168656,3854,15
185,3409,16,0.05147468002225932,0.9203980099502488,0.09749670619235837,0.42411544782139715,0.36418562252446396,0.5008540315027025,0.2289708188764839,0.05147468002225932,3594,20
102,3409,4,0.02905155226431216,0.9622641509433962,0.05640033176665745,0.4112939120332925,0.3350161175863739,0.5779207212075727,0.21897919442762329,0.02905155226431216,3511,25
54,3409,2,0.01559341611319665,0.9642857142857143,0.030690537084398978,0.30848465155694643,0.3310551630512433,0.5397214326790357,0.22184890506821894,0.01559341611319665,3463,30
34,3409,1,0.009875108916642464,0.9714285714285714,0.019551466359977003,0.3515076889631378,0.30598648123371713,0.7552571352419085,0.1843059913080629,0.009875108916642464,3443,35
24,3409,1,0.006990969997087096,0.96,0.013880855986119144,0.18520495936856463,0.3049220301366663,0.7926521418076294,0.20723094722535276,0.006990969997087096,3433,40
14,3409,0,0.00408997955010225,1.0,0.00814663951120163,0.2429020652938496,0.2908476865923674,0.8123412211954185,0.2242826644964927,0.00408997955010225,3423,45
5,3409,0,0.0014645577035735209,1.0,0.0029248318221702257,0.006143834192023689,0.3592173241272753,0.8964844747978403,0.22429681991383257,0.0014645577035735209,3414,50
2,3409,0,0.0005863383172090296,1.0,0.001171989452094931,1.0,0.37618364418938305,1.0,0.37795746838241623,0.0005863383172090296,3411,55
2,3409,0,0.0005863383172090296,1.0,0.001171989452094931,1.0,0.37618364418938305,1.0,0.37795746838241623,0.0005863383172090296,3411,60
0,3409,0,0.0,0.0,0.0,,0.0,,0.0,0.0,3409,65
0,3409,0,0.0,0.0,0.0,,0.0,,0.0,0.0,3409,70
0,3409,0,0.0,0.0,0.0,,0.0,,0.0,0.0,3409,75
0,3409,0,0.0,0.0,0.0,,0.0,,0.0,0.0,3409,80
0,3409,0,0.0,0.0,0.0,,0.0,,0.0,0.0,3409,85
0,3409,0,0.0,0.0,0.0,,0.0,,0.0,0.0,3409,90
0,3409,0,0.0,0.0,0.0,,0.0,,0.0,0.0,3409,95
