TP,FP,FN,precision,recall,F1,corr_reads_mapped,L1_f_unique_weighted_reads_mapped,corr_ave_abund,L1_average_abund_reads_mapped_div_gene_len,percent_correct_predictions,total_number_of_predictions,filter_threshold
2454,4875,18000,0.3348342202210397,0.11997653270753887,0.17665478889968683,0.16090857777043246,1.078442147198136,-0.017739616094579365,0.9351532883469704,0.3348342202210397,7329,0
469,4875,707,0.08776197604790419,0.39880952380952384,0.1438650306748466,0.3097656273358955,0.7906794322864352,-0.1547185930799085,0.5018972437760241,0.08776197604790419,5344,5
241,4875,44,0.04710711493354183,0.8456140350877193,0.08924273282725423,0.4450881901761865,0.6565780019761472,-0.19171554353422832,0.3450574924934685,0.04710711493354183,5116,10
115,4875,10,0.023046092184368736,0.92,0.04496578690127077,0.4533315873277598,0.5680969139417098,-0.13567937111528883,0.3025944921995974,0.023046092184368736,4990,15
47,4875,1,0.00954896383583909,0.9791666666666666,0.01891348088531187,0.21987644468171288,0.5066093624925104,-0.111448073438773,0.2840366488144013,0.00954896383583909,4922,20
21,4875,0,0.00428921568627451,1.0,0.008541793776693106,0.5912301668249155,0.35022602131324665,0.177131345338482,0.18723883316640566,0.00428921568627451,4896,25
12,4875,0,0.0024554941682013503,1.0,0.004898958971218616,0.5707468146888074,0.32694190905491693,0.3220133221762024,0.14085907063713995,0.0024554941682013503,4887,30
3,4875,0,0.0006150061500615006,1.0,0.001229256299938537,0.6197967012411688,0.2737555990158573,-0.895552065267504,0.2151828295623654,0.0006150061500615006,4878,35
2,4875,0,0.0004100881689563256,1.0,0.000819840131174421,1.0,0.3799196187490461,-1.0,0.2673317303501087,0.0004100881689563256,4877,40
1,4875,0,0.00020508613617719443,1.0,0.0004100881689563257,,0.0,,0.0,0.00020508613617719443,4876,45
0,4875,0,0.0,0.0,0.0,,0.0,,0.0,0.0,4875,50
0,4875,0,0.0,0.0,0.0,,0.0,,0.0,0.0,4875,55
0,4875,0,0.0,0.0,0.0,,0.0,,0.0,0.0,4875,60
0,4875,0,0.0,0.0,0.0,,0.0,,0.0,0.0,4875,65
0,4875,0,0.0,0.0,0.0,,0.0,,0.0,0.0,4875,70
0,4875,0,0.0,0.0,0.0,,0.0,,0.0,0.0,4875,75
0,4875,0,0.0,0.0,0.0,,0.0,,0.0,0.0,4875,80
0,4875,0,0.0,0.0,0.0,,0.0,,0.0,0.0,4875,85
0,4875,0,0.0,0.0,0.0,,0.0,,0.0,0.0,4875,90
0,4875,0,0.0,0.0,0.0,,0.0,,0.0,0.0,4875,95
