TP,FP,FN,precision,recall,F1,corr_reads_mapped,L1_f_unique_weighted_reads_mapped,corr_ave_abund,L1_average_abund_reads_mapped_div_gene_len,percent_correct_predictions,total_number_of_predictions,filter_threshold
5176,1177,16709,0.8147331969148434,0.23650902444596755,0.366598201005737,0.3201058986125098,0.6125621970955575,0.2615554286075543,0.5789150245917554,0.8147331969148434,6353,0
713,1177,155,0.3772486772486772,0.8214285714285714,0.5170413343002176,0.44433526066418616,0.3955845699076418,0.33528873940145854,0.37211568052949295,0.3772486772486772,1890,5
115,1177,3,0.0890092879256966,0.9745762711864406,0.16312056737588654,0.5028473821690614,0.27201961668801067,0.6055751887497433,0.24561776263252408,0.0890092879256966,1292,10
23,1177,2,0.019166666666666665,0.92,0.037551020408163265,0.4064926506094007,0.22415841584153,0.7377179263077055,0.1894374208363742,0.019166666666666665,1200,15
4,1177,0,0.003386960203217612,1.0,0.006751054852320674,0.6740934798411758,0.2342995169078709,0.8966936942864595,0.2554952857193056,0.003386960203217612,1181,20
1,1177,0,0.0008488964346349745,1.0,0.0016963528413910093,,0.0,,0.0,0.0008488964346349745,1178,25
0,1177,0,0.0,0.0,0.0,,0.0,,0.0,0.0,1177,30
0,1177,0,0.0,0.0,0.0,,0.0,,0.0,0.0,1177,35
0,1177,0,0.0,0.0,0.0,,0.0,,0.0,0.0,1177,40
0,1177,0,0.0,0.0,0.0,,0.0,,0.0,0.0,1177,45
0,1177,0,0.0,0.0,0.0,,0.0,,0.0,0.0,1177,50
0,1177,0,0.0,0.0,0.0,,0.0,,0.0,0.0,1177,55
0,1177,0,0.0,0.0,0.0,,0.0,,0.0,0.0,1177,60
0,1177,0,0.0,0.0,0.0,,0.0,,0.0,0.0,1177,65
0,1177,0,0.0,0.0,0.0,,0.0,,0.0,0.0,1177,70
0,1177,0,0.0,0.0,0.0,,0.0,,0.0,0.0,1177,75
0,1177,0,0.0,0.0,0.0,,0.0,,0.0,0.0,1177,80
0,1177,0,0.0,0.0,0.0,,0.0,,0.0,0.0,1177,85
0,1177,0,0.0,0.0,0.0,,0.0,,0.0,0.0,1177,90
0,1177,0,0.0,0.0,0.0,,0.0,,0.0,0.0,1177,95
