TP,FP,FN,precision,recall,F1,corr_reads_mapped,L1_f_unique_weighted_reads_mapped,corr_ave_abund,L1_average_abund_reads_mapped_div_gene_len,percent_correct_predictions,total_number_of_predictions,filter_threshold
4652,3906,30335,0.5435849497546156,0.1329636722211107,0.21366402572051899,0.24238848530434134,1.0243526129623357,-0.012098844565128851,0.8042732513483315,0.5435849497546156,8558,0
1605,3906,5751,0.29123571039738705,0.21818923327895595,0.24947540219165307,0.2832158043284674,0.9588200290921579,-0.12550578980360022,0.6373584145457263,0.29123571039738705,5511,5
591,3906,1011,0.1314209472981988,0.36891385767790263,0.19380226266601083,0.32561984491049806,0.9468587193643002,-0.22676333506141297,0.5486936360229593,0.1314209472981988,4497,10
280,3906,211,0.06688963210702341,0.570264765784114,0.11973487278169767,0.3514682072998064,0.9678164806263871,-0.282405820672795,0.5007723124309894,0.06688963210702341,4186,15
142,3906,56,0.03507905138339921,0.7171717171717171,0.06688648139425342,0.35731287319522753,0.9887804973017966,-0.37416359303424446,0.5209700054645622,0.03507905138339921,4048,20
76,3906,22,0.019085886489201405,0.7755102040816326,0.03725490196078431,0.38164251357014556,0.9110319489066463,-0.44258195229435615,0.5192785986502867,0.019085886489201405,3982,25
41,3906,10,0.010387636179376741,0.803921568627451,0.02051025512756378,0.460588699827911,0.847079332788651,-0.4909845518089909,0.48629128997264714,0.010387636179376741,3947,30
20,3906,4,0.005094243504839531,0.8333333333333334,0.010126582278481011,0.49205015757415216,0.9621311479821272,-0.6581228081726743,0.47796424784699565,0.005094243504839531,3926,35
10,3906,3,0.002553626149131767,0.7692307692307693,0.0050903537795876815,0.41002012831242207,1.0778867540263357,-0.6719857938547285,0.6524241268910334,0.002553626149131767,3916,40
5,3906,1,0.0012784454103809768,0.8333333333333334,0.0025529742149604288,0.9224433158545158,1.17368809862812,-0.5586748384275846,0.7113671977231362,0.0012784454103809768,3911,45
4,3906,0,0.0010230179028132991,1.0,0.0020439448134900355,0.9812085052385474,1.092153720090113,-0.526016554610344,0.7017887821848092,0.0010230179028132991,3910,50
4,3906,0,0.0010230179028132991,1.0,0.0020439448134900355,0.9812085052385474,1.092153720090113,-0.526016554610344,0.7017887821848092,0.0010230179028132991,3910,55
1,3906,0,0.0002559508574353724,1.0,0.0005117707267144319,,0.0,,0.0,0.0002559508574353724,3907,60
1,3906,0,0.0002559508574353724,1.0,0.0005117707267144319,,0.0,,0.0,0.0002559508574353724,3907,65
1,3906,0,0.0002559508574353724,1.0,0.0005117707267144319,,0.0,,0.0,0.0002559508574353724,3907,70
0,3906,0,0.0,0.0,0.0,,0.0,,0.0,0.0,3906,75
0,3906,0,0.0,0.0,0.0,,0.0,,0.0,0.0,3906,80
0,3906,0,0.0,0.0,0.0,,0.0,,0.0,0.0,3906,85
0,3906,0,0.0,0.0,0.0,,0.0,,0.0,0.0,3906,90
0,3906,0,0.0,0.0,0.0,,0.0,,0.0,0.0,3906,95
