TP,FP,FN,precision,recall,F1,corr_reads_mapped,L1_f_unique_weighted_reads_mapped,corr_ave_abund,L1_average_abund_reads_mapped_div_gene_len,percent_correct_predictions,total_number_of_predictions,filter_threshold
10093,2100,25067,0.8277700319855655,0.2870591581342435,0.4262876692078644,0.5130664048615514,0.6852180763525224,0.39521507709412235,0.5038017922478497,0.8277700319855655,12193,0
3455,2100,4791,0.621962196219622,0.41899102595197674,0.5006883559162381,0.4199149794984255,0.6629832878904198,0.23811592369634646,0.4013865698203762,0.621962196219622,5555,5
817,2100,938,0.2800822763112787,0.4655270655270655,0.34974315068493145,0.31420177107836544,0.631690021908156,0.032888339706674485,0.43728465754606816,0.2800822763112787,2917,10
212,2100,269,0.09169550173010381,0.4407484407484408,0.15180809165771572,0.2357345737421745,0.633830944622559,-0.07578829917220349,0.47122832318123087,0.09169550173010381,2312,15
67,2100,118,0.03091832025842178,0.3621621621621622,0.05697278911564625,0.2127311650686426,0.6528277073325979,0.015242855241017822,0.4668744279423078,0.03091832025842178,2167,20
26,2100,64,0.012229539040451553,0.28888888888888886,0.023465703971119134,0.48885867311353653,0.5417882901283637,0.12141545467258745,0.4212909272061592,0.012229539040451553,2126,25
11,2100,47,0.005210800568450971,0.1896551724137931,0.010142923005993546,0.8839051771645013,0.47302172928922814,0.5201115034722823,0.2553387466271765,0.005210800568450971,2111,30
6,2100,33,0.002849002849002849,0.15384615384615385,0.005594405594405594,0.9189271410096405,0.505594849031699,0.6015096050633527,0.39557437123026973,0.002849002849002849,2106,35
2,2100,20,0.0009514747859181732,0.09090909090909091,0.0018832391713747647,1.0,0.5167199949808323,-1.0,0.5084350322573059,0.0009514747859181732,2102,40
1,2100,13,0.00047596382674916705,0.07142857142857142,0.0009456264775413712,,0.0,,0.0,0.00047596382674916705,2101,45
1,2100,9,0.00047596382674916705,0.1,0.0009474182851729038,,0.0,,0.0,0.00047596382674916705,2101,50
1,2100,3,0.00047596382674916705,0.25,0.0009501187648456056,,0.0,,0.0,0.00047596382674916705,2101,55
0,2100,2,0.0,0.0,0.0,,0.0,,0.0,0.0,2100,60
0,2100,0,0.0,0.0,0.0,,0.0,,0.0,0.0,2100,65
0,2100,0,0.0,0.0,0.0,,0.0,,0.0,0.0,2100,70
0,2100,0,0.0,0.0,0.0,,0.0,,0.0,0.0,2100,75
0,2100,0,0.0,0.0,0.0,,0.0,,0.0,0.0,2100,80
0,2100,0,0.0,0.0,0.0,,0.0,,0.0,0.0,2100,85
0,2100,0,0.0,0.0,0.0,,0.0,,0.0,0.0,2100,90
0,2100,0,0.0,0.0,0.0,,0.0,,0.0,0.0,2100,95
