TP,FP,FN,precision,recall,F1,corr_reads_mapped,L1_f_unique_weighted_reads_mapped,corr_ave_abund,L1_average_abund_reads_mapped_div_gene_len,percent_correct_predictions,total_number_of_predictions,filter_threshold
5254,1600,16462,0.7665596731835425,0.24194142567692023,0.3677983899194959,0.3346360607828785,0.6453950420170689,0.22752027543216932,0.5633369779987266,0.7665596731835425,6854,0
776,1600,263,0.3265993265993266,0.7468719923002888,0.4544655929721816,0.3648397171595632,0.5044695817590971,0.30644878478524284,0.3224585734763302,0.3265993265993266,2376,5
75,1600,7,0.04477611940298507,0.9146341463414634,0.08537279453614115,0.07113076772781773,0.5888817969849822,0.2061267650334302,0.3484347802028285,0.04477611940298507,1675,10
10,1600,2,0.006211180124223602,0.8333333333333334,0.012330456226880393,0.22593636335410275,0.3371457738622934,0.7549885755224073,0.21490883076009193,0.006211180124223602,1610,15
2,1600,0,0.0012484394506866417,1.0,0.0024937655860349127,,0.11794871794871792,1.0,0.2013828286050669,0.0012484394506866417,1602,20
0,1600,0,0.0,0.0,0.0,,0.0,,0.0,0.0,1600,25
0,1600,0,0.0,0.0,0.0,,0.0,,0.0,0.0,1600,30
0,1600,0,0.0,0.0,0.0,,0.0,,0.0,0.0,1600,35
0,1600,0,0.0,0.0,0.0,,0.0,,0.0,0.0,1600,40
0,1600,0,0.0,0.0,0.0,,0.0,,0.0,0.0,1600,45
0,1600,0,0.0,0.0,0.0,,0.0,,0.0,0.0,1600,50
0,1600,0,0.0,0.0,0.0,,0.0,,0.0,0.0,1600,55
0,1600,0,0.0,0.0,0.0,,0.0,,0.0,0.0,1600,60
0,1600,0,0.0,0.0,0.0,,0.0,,0.0,0.0,1600,65
0,1600,0,0.0,0.0,0.0,,0.0,,0.0,0.0,1600,70
0,1600,0,0.0,0.0,0.0,,0.0,,0.0,0.0,1600,75
0,1600,0,0.0,0.0,0.0,,0.0,,0.0,0.0,1600,80
0,1600,0,0.0,0.0,0.0,,0.0,,0.0,0.0,1600,85
0,1600,0,0.0,0.0,0.0,,0.0,,0.0,0.0,1600,90
0,1600,0,0.0,0.0,0.0,,0.0,,0.0,0.0,1600,95
