TP,FP,FN,precision,recall,F1,corr_reads_mapped,L1_f_unique_weighted_reads_mapped,corr_ave_abund,L1_average_abund_reads_mapped_div_gene_len,percent_correct_predictions,total_number_of_predictions,filter_threshold
11124,1475,26769,0.8829272164457497,0.2935634549916871,0.4406242573080884,0.38797227956496116,0.6791700700434011,0.3577307281372482,0.5936947968648454,0.8829272164457497,12599,0
3698,1475,2886,0.7148656485598299,0.5616646415552855,0.6290720421876328,0.32793534033540317,0.6097529894852748,0.3025957584932829,0.517339603149595,0.7148656485598299,5173,5
1073,1475,238,0.42111459968602827,0.8184591914569032,0.5561026172583572,0.297358012786295,0.44585228955984246,0.31234542751858174,0.35429556912395166,0.42111459968602827,2548,10
514,1475,32,0.2584213172448467,0.9413919413919414,0.40552268244575945,0.5952030547912854,0.2949861281469221,0.573739072688684,0.21747342280674015,0.2584213172448467,1989,15
267,1475,7,0.15327210103329506,0.9744525547445255,0.26488095238095233,0.7022493397505181,0.24713309730864713,0.524583754406536,0.18440013847691322,0.15327210103329506,1742,20
130,1475,3,0.08099688473520249,0.9774436090225563,0.14959723820483314,0.6388438666417335,0.24510796685803213,0.42312345859243944,0.18515749922173302,0.08099688473520249,1605,25
78,1475,3,0.050225370251126854,0.9629629629629629,0.09547123623011015,0.5434860035693401,0.25695233778388826,0.48210185360940955,0.18094343678825164,0.050225370251126854,1553,30
40,1475,2,0.026402640264026403,0.9523809523809523,0.05138086062941554,0.4961672568138652,0.2641669494400684,0.3454391983127797,0.1858476010821981,0.026402640264026403,1515,35
23,1475,1,0.015353805073431242,0.9583333333333334,0.030223390275952694,0.5751076061276268,0.24525919228804532,0.5198752054132146,0.15922286813748976,0.015353805073431242,1498,40
14,1475,0,0.009402283411685695,1.0,0.01862940785096474,0.4701212618186931,0.2287042614047341,0.6667910449046405,0.13429470006871783,0.009402283411685695,1489,45
8,1475,0,0.005394470667565745,1.0,0.010731052984574111,0.24683974543498907,0.22368636362217942,0.6723166500328132,0.19938252084314745,0.005394470667565745,1483,50
4,1475,0,0.002704530087897228,1.0,0.005394470667565745,-0.456871715183552,0.3071592372693125,0.7251897461504246,0.3118339068425586,0.002704530087897228,1479,55
3,1475,0,0.0020297699594046007,1.0,0.004051316677920324,-0.5031468288700778,0.32919173137884883,-0.7640114333829493,0.22434039927261967,0.0020297699594046007,1478,60
2,1475,0,0.0013540961408259986,1.0,0.002704530087897228,-1.0,0.4525173716929834,-1.0,0.2554016953984591,0.0013540961408259986,1477,65
1,1475,0,0.0006775067750677507,1.0,0.0013540961408259986,,0.0,,0.0,0.0006775067750677507,1476,70
1,1475,0,0.0006775067750677507,1.0,0.0013540961408259986,,0.0,,0.0,0.0006775067750677507,1476,75
0,1475,0,0.0,0.0,0.0,,0.0,,0.0,0.0,1475,80
0,1475,0,0.0,0.0,0.0,,0.0,,0.0,0.0,1475,85
0,1475,0,0.0,0.0,0.0,,0.0,,0.0,0.0,1475,90
0,1475,0,0.0,0.0,0.0,,0.0,,0.0,0.0,1475,95
