TP,FP,FN,precision,recall,F1,corr_reads_mapped,L1_f_unique_weighted_reads_mapped,corr_ave_abund,L1_average_abund_reads_mapped_div_gene_len,percent_correct_predictions,total_number_of_predictions,filter_threshold
10249,3552,33418,0.7426273458445041,0.23470813199899238,0.3566854597341129,0.19506894216643636,0.684763237921026,0.18455662853777832,0.49001023793100296,0.7426273458445041,13801,0
2867,3552,3369,0.4466427792491042,0.45974983964079535,0.45310154089292765,0.3370426985327449,0.5563202262566966,0.25618283494239025,0.32655909282416135,0.4466427792491042,6419,5
381,3552,236,0.09687261632341723,0.6175040518638574,0.16747252747252744,0.32387596448897005,0.5204069467701025,0.21418152615418679,0.28728973060939156,0.09687261632341723,3933,10
50,3552,24,0.0138811771238201,0.6756756756756757,0.02720348204570185,0.23838330852594555,0.5591208887220329,0.49861937387157823,0.2799646014005522,0.0138811771238201,3602,15
7,3552,7,0.001966844619275077,0.5,0.003918275958578225,0.8912578213874296,0.12254549956667082,0.696639411926698,0.2178285337974611,0.001966844619275077,3559,20
4,3552,4,0.0011248593925759281,0.5,0.002244668911335578,0.9793455620088732,0.07086466165413538,-0.44286425203108326,0.13397231293392417,0.0011248593925759281,3556,25
2,3552,3,0.0005627462014631402,0.4,0.00112391121101433,0.9999999999999999,0.010646687697160873,-1.0,0.16364228386400942,0.0005627462014631402,3554,30
2,3552,1,0.0005627462014631402,0.6666666666666666,0.001124543154343548,0.9999999999999999,0.010646687697160873,-1.0,0.16364228386400942,0.0005627462014631402,3554,35
1,3552,1,0.00028145229383619476,0.5,0.0005625879043600562,,0.0,,0.0,0.00028145229383619476,3553,40
1,3552,0,0.00028145229383619476,1.0,0.0005627462014631402,,0.0,,0.0,0.00028145229383619476,3553,45
0,3552,0,0.0,0.0,0.0,,0.0,,0.0,0.0,3552,50
0,3552,0,0.0,0.0,0.0,,0.0,,0.0,0.0,3552,55
0,3552,0,0.0,0.0,0.0,,0.0,,0.0,0.0,3552,60
0,3552,0,0.0,0.0,0.0,,0.0,,0.0,0.0,3552,65
0,3552,0,0.0,0.0,0.0,,0.0,,0.0,0.0,3552,70
0,3552,0,0.0,0.0,0.0,,0.0,,0.0,0.0,3552,75
0,3552,0,0.0,0.0,0.0,,0.0,,0.0,0.0,3552,80
0,3552,0,0.0,0.0,0.0,,0.0,,0.0,0.0,3552,85
0,3552,0,0.0,0.0,0.0,,0.0,,0.0,0.0,3552,90
0,3552,0,0.0,0.0,0.0,,0.0,,0.0,0.0,3552,95
