TP,FP,FN,precision,recall,F1,corr_reads_mapped,L1_f_unique_weighted_reads_mapped,corr_ave_abund,L1_average_abund_reads_mapped_div_gene_len,percent_correct_predictions,total_number_of_predictions,filter_threshold
4474,2088,14556,0.6818043279487961,0.2351024697845507,0.3496405126602063,0.38277450141059766,0.5990589491737615,0.2514962728109686,0.4962505828283983,0.6818043279487961,6562,0
809,2088,597,0.27925440110459093,0.5753911806543386,0.37601673251220075,0.35107408140882684,0.5329163496934275,0.26469008381093834,0.32051058472942856,0.27925440110459093,2897,5
68,2088,19,0.03153988868274583,0.7816091954022989,0.06063308069549711,0.4767266801447355,0.4803780920866359,0.46280533743567215,0.25088451410903484,0.03153988868274583,2156,10
7,2088,2,0.003341288782816229,0.7777777777777778,0.006653992395437262,0.18591786960165993,0.4121939736344822,0.14352530347043213,0.2536049017902622,0.003341288782816229,2095,15
1,2088,0,0.0004786979415988511,1.0,0.0009569377990430621,,0.0,,0.0,0.0004786979415988511,2089,20
0,2088,0,0.0,0.0,0.0,,0.0,,0.0,0.0,2088,25
0,2088,0,0.0,0.0,0.0,,0.0,,0.0,0.0,2088,30
0,2088,0,0.0,0.0,0.0,,0.0,,0.0,0.0,2088,35
0,2088,0,0.0,0.0,0.0,,0.0,,0.0,0.0,2088,40
0,2088,0,0.0,0.0,0.0,,0.0,,0.0,0.0,2088,45
0,2088,0,0.0,0.0,0.0,,0.0,,0.0,0.0,2088,50
0,2088,0,0.0,0.0,0.0,,0.0,,0.0,0.0,2088,55
0,2088,0,0.0,0.0,0.0,,0.0,,0.0,0.0,2088,60
0,2088,0,0.0,0.0,0.0,,0.0,,0.0,0.0,2088,65
0,2088,0,0.0,0.0,0.0,,0.0,,0.0,0.0,2088,70
0,2088,0,0.0,0.0,0.0,,0.0,,0.0,0.0,2088,75
0,2088,0,0.0,0.0,0.0,,0.0,,0.0,0.0,2088,80
0,2088,0,0.0,0.0,0.0,,0.0,,0.0,0.0,2088,85
0,2088,0,0.0,0.0,0.0,,0.0,,0.0,0.0,2088,90
0,2088,0,0.0,0.0,0.0,,0.0,,0.0,0.0,2088,95
