TP,FP,FN,precision,recall,F1,corr_reads_mapped,L1_f_unique_weighted_reads_mapped,corr_ave_abund,L1_average_abund_reads_mapped_div_gene_len,percent_correct_predictions,total_number_of_predictions,filter_threshold
10210,2825,22971,0.7832757959340237,0.30770621741358006,0.44183832438982173,0.5285747654118854,0.5276668039373864,0.4905953917688094,0.5348356482567301,0.7832757959340237,13035,0
4651,2825,1883,0.6221241305510968,0.71181512090603,0.66395431834404,0.5498194901469065,0.42738396136043144,0.5157701531771325,0.3849922595474492,0.6221241305510968,7476,5
1422,2825,146,0.33482458205792326,0.9068877551020408,0.4890799656061908,0.6212581594274682,0.3691033187059012,0.60605428742446,0.3607135056806487,0.33482458205792326,4247,10
556,2825,15,0.16444838805087253,0.9737302977232924,0.2813765182186235,0.5754687031537212,0.3210853010546968,0.5165353234488748,0.291379780044118,0.16444838805087253,3381,15
309,2825,2,0.09859604339502234,0.9935691318327974,0.17939042089985488,0.7695962671896774,0.2586548923170184,0.6540498396718788,0.20726137908799125,0.09859604339502234,3134,20
180,2825,1,0.059900166389351084,0.994475138121547,0.11299435028248588,0.7917798734480694,0.23650637477220557,0.7431829182659997,0.17452884171253963,0.059900166389351084,3005,25
107,2825,0,0.03649386084583902,1.0,0.07041790062520567,0.791960775056039,0.22854401903694987,0.8065845447717912,0.1540719908986982,0.03649386084583902,2932,30
65,2825,0,0.02249134948096886,1.0,0.043993231810490696,0.7245572245591526,0.23139409910827674,0.7511230375290691,0.1497778414358313,0.02249134948096886,2890,35
46,2825,0,0.01602229188436085,1.0,0.03153925265683922,0.66607177441212,0.22668070153572595,0.7451365549558994,0.1511760946633404,0.01602229188436085,2871,40
31,2825,0,0.010854341736694677,1.0,0.021475580187045377,0.652039916125408,0.22358761485130663,0.7203499563830199,0.16452103968696707,0.010854341736694677,2856,45
18,2825,0,0.006331340133661625,1.0,0.01258301293254107,0.6215249806165034,0.23721922804457662,0.6019615106638259,0.18221017007498563,0.006331340133661625,2843,50
10,2825,0,0.003527336860670194,1.0,0.0070298769771529,0.662643114415161,0.2544218048331202,-0.08414065855132634,0.19476268403934804,0.003527336860670194,2835,55
5,2825,0,0.0017667844522968198,1.0,0.003527336860670194,0.5853881371098736,0.33263824266581987,-0.5369229485833694,0.23433893272570566,0.0017667844522968198,2830,60
4,2825,0,0.0014139271827500884,1.0,0.002823861630780092,0.862872412844618,0.356670746634009,-0.48136836371943004,0.20591909937644162,0.0014139271827500884,2829,65
1,2825,0,0.00035385704175513094,1.0,0.0007074637424831977,,0.0,,0.0,0.00035385704175513094,2826,70
1,2825,0,0.00035385704175513094,1.0,0.0007074637424831977,,0.0,,0.0,0.00035385704175513094,2826,75
1,2825,0,0.00035385704175513094,1.0,0.0007074637424831977,,0.0,,0.0,0.00035385704175513094,2826,80
0,2825,0,0.0,0.0,0.0,,0.0,,0.0,0.0,2825,85
0,2825,0,0.0,0.0,0.0,,0.0,,0.0,0.0,2825,90
0,2825,0,0.0,0.0,0.0,,0.0,,0.0,0.0,2825,95
