TP,FP,FN,precision,recall,F1,corr_reads_mapped,L1_f_unique_weighted_reads_mapped,corr_ave_abund,L1_average_abund_reads_mapped_div_gene_len,percent_correct_predictions,total_number_of_predictions,filter_threshold
2139,5005,14156,0.2994120940649496,0.13126725989567353,0.18251631895558684,0.22638596888441495,0.9357410447210806,-0.01976930307936987,0.7140145033657488,0.2994120940649496,7144,0
304,5005,770,0.05726125447353551,0.28305400372439476,0.09525301582328059,0.2957065622385058,0.7609292012447233,-0.1802553669335938,0.4667402327245457,0.05726125447353551,5309,5
41,5005,245,0.008125247720967102,0.14335664335664336,0.015378844711177795,0.17546862059646223,0.6586422674592165,-0.5375560218808869,0.3758166344256497,0.008125247720967102,5046,10
11,5005,206,0.0021929824561403508,0.05069124423963134,0.004204089432447927,0.08238301346794616,0.30482414861431295,-0.6580097235677296,0.26038053170689324,0.0021929824561403508,5016,15
0,5005,164,0.0,0.0,0.0,,0.0,,0.0,0.0,5005,20
0,5005,139,0.0,0.0,0.0,,0.0,,0.0,0.0,5005,25
0,5005,109,0.0,0.0,0.0,,0.0,,0.0,0.0,5005,30
0,5005,88,0.0,0.0,0.0,,0.0,,0.0,0.0,5005,35
0,5005,78,0.0,0.0,0.0,,0.0,,0.0,0.0,5005,40
0,5005,59,0.0,0.0,0.0,,0.0,,0.0,0.0,5005,45
0,5005,51,0.0,0.0,0.0,,0.0,,0.0,0.0,5005,50
0,5005,39,0.0,0.0,0.0,,0.0,,0.0,0.0,5005,55
0,5005,30,0.0,0.0,0.0,,0.0,,0.0,0.0,5005,60
0,5005,22,0.0,0.0,0.0,,0.0,,0.0,0.0,5005,65
0,5005,17,0.0,0.0,0.0,,0.0,,0.0,0.0,5005,70
0,5005,11,0.0,0.0,0.0,,0.0,,0.0,0.0,5005,75
0,5005,8,0.0,0.0,0.0,,0.0,,0.0,0.0,5005,80
0,5005,8,0.0,0.0,0.0,,0.0,,0.0,0.0,5005,85
0,5005,7,0.0,0.0,0.0,,0.0,,0.0,0.0,5005,90
0,5005,4,0.0,0.0,0.0,,0.0,,0.0,0.0,5005,95
