TP,FP,FN,precision,recall,F1,corr_reads_mapped,L1_f_unique_weighted_reads_mapped,corr_ave_abund,L1_average_abund_reads_mapped_div_gene_len,percent_correct_predictions,total_number_of_predictions,filter_threshold
2655,4606,19061,0.36565211403387965,0.12226008473015289,0.18324878351796253,0.19761955480473548,0.9771736538842125,-0.011382544807131263,0.7084567904919814,0.36565211403387965,7261,0
327,4606,712,0.06628826272045409,0.314725697786333,0.10951105157401206,0.36675164645996494,0.9174927174354741,-0.18872331435390616,0.5606103061387706,0.06628826272045409,4933,5
46,4606,36,0.009888220120378332,0.5609756097560976,0.019433882551753275,0.4629224694966645,0.8297190229071878,0.01941172253795954,0.5251326728250774,0.009888220120378332,4652,10
6,4606,6,0.0013009540329575022,0.5,0.0025951557093425604,0.7678546237455817,0.720974238875916,-0.9385088907817747,0.7968562784557638,0.0013009540329575022,4612,15
2,4606,0,0.00043402777777777775,1.0,0.0008676789587852495,,0.41159678858163157,-1.0,0.3984590417391011,0.00043402777777777775,4608,20
0,4606,0,0.0,0.0,0.0,,0.0,,0.0,0.0,4606,25
0,4606,0,0.0,0.0,0.0,,0.0,,0.0,0.0,4606,30
0,4606,0,0.0,0.0,0.0,,0.0,,0.0,0.0,4606,35
0,4606,0,0.0,0.0,0.0,,0.0,,0.0,0.0,4606,40
0,4606,0,0.0,0.0,0.0,,0.0,,0.0,0.0,4606,45
0,4606,0,0.0,0.0,0.0,,0.0,,0.0,0.0,4606,50
0,4606,0,0.0,0.0,0.0,,0.0,,0.0,0.0,4606,55
0,4606,0,0.0,0.0,0.0,,0.0,,0.0,0.0,4606,60
0,4606,0,0.0,0.0,0.0,,0.0,,0.0,0.0,4606,65
0,4606,0,0.0,0.0,0.0,,0.0,,0.0,0.0,4606,70
0,4606,0,0.0,0.0,0.0,,0.0,,0.0,0.0,4606,75
0,4606,0,0.0,0.0,0.0,,0.0,,0.0,0.0,4606,80
0,4606,0,0.0,0.0,0.0,,0.0,,0.0,0.0,4606,85
0,4606,0,0.0,0.0,0.0,,0.0,,0.0,0.0,4606,90
0,4606,0,0.0,0.0,0.0,,0.0,,0.0,0.0,4606,95
