TP,FP,FN,precision,recall,F1,corr_reads_mapped,L1_f_unique_weighted_reads_mapped,corr_ave_abund,L1_average_abund_reads_mapped_div_gene_len,percent_correct_predictions,total_number_of_predictions,filter_threshold
4243,2425,20356,0.6363227354529094,0.17248668645066872,0.2714043560303195,0.25079504230680394,0.5812351660565898,0.16743098954414787,0.4852744333158372,0.6363227354529094,6668,0
221,2425,183,0.0835222978080121,0.5470297029702971,0.14491803278688525,0.31901279833747226,0.5058247652922652,0.44272000113042836,0.32957634518838197,0.0835222978080121,2646,5
6,2425,3,0.0024681201151789387,0.6666666666666666,0.0049180327868852455,0.518304645461636,0.15302837463502286,0.885010001177425,0.27767370592872453,0.0024681201151789387,2431,10
1,2425,1,0.00041220115416323167,0.5,0.0008237232289950578,,0.0,,0.0,0.00041220115416323167,2426,15
0,2425,0,0.0,0.0,0.0,,0.0,,0.0,0.0,2425,20
0,2425,0,0.0,0.0,0.0,,0.0,,0.0,0.0,2425,25
0,2425,0,0.0,0.0,0.0,,0.0,,0.0,0.0,2425,30
0,2425,0,0.0,0.0,0.0,,0.0,,0.0,0.0,2425,35
0,2425,0,0.0,0.0,0.0,,0.0,,0.0,0.0,2425,40
0,2425,0,0.0,0.0,0.0,,0.0,,0.0,0.0,2425,45
0,2425,0,0.0,0.0,0.0,,0.0,,0.0,0.0,2425,50
0,2425,0,0.0,0.0,0.0,,0.0,,0.0,0.0,2425,55
0,2425,0,0.0,0.0,0.0,,0.0,,0.0,0.0,2425,60
0,2425,0,0.0,0.0,0.0,,0.0,,0.0,0.0,2425,65
0,2425,0,0.0,0.0,0.0,,0.0,,0.0,0.0,2425,70
0,2425,0,0.0,0.0,0.0,,0.0,,0.0,0.0,2425,75
0,2425,0,0.0,0.0,0.0,,0.0,,0.0,0.0,2425,80
0,2425,0,0.0,0.0,0.0,,0.0,,0.0,0.0,2425,85
0,2425,0,0.0,0.0,0.0,,0.0,,0.0,0.0,2425,90
0,2425,0,0.0,0.0,0.0,,0.0,,0.0,0.0,2425,95
