TP,FP,FN,precision,recall,F1,corr_reads_mapped,L1_f_unique_weighted_reads_mapped,corr_ave_abund,L1_average_abund_reads_mapped_div_gene_len,percent_correct_predictions,total_number_of_predictions,filter_threshold
4193,1597,14837,0.7241796200345423,0.22033631108775617,0.3378726833199033,0.3430407695206846,0.5440368814264678,0.20927594925320114,0.4753548500318322,0.7241796200345423,5790,0
862,1597,544,0.3505490036600244,0.6130867709815079,0.4460543337645537,0.2756856786811109,0.4742081583876142,0.16223424102821207,0.32338823686115037,0.3505490036600244,2459,5
70,1597,17,0.041991601679664065,0.8045977011494253,0.07981755986316989,0.4733229808708636,0.421727162910574,0.5286040732875261,0.22718114410385215,0.041991601679664065,1667,10
7,1597,2,0.004364089775561097,0.7777777777777778,0.008679479231246125,0.20477190920486987,0.35846790337644957,-0.08510339147462163,0.2719889878800378,0.004364089775561097,1604,15
1,1597,0,0.0006257822277847309,1.0,0.0012507817385866169,,0.0,,0.0,0.0006257822277847309,1598,20
0,1597,0,0.0,0.0,0.0,,0.0,,0.0,0.0,1597,25
0,1597,0,0.0,0.0,0.0,,0.0,,0.0,0.0,1597,30
0,1597,0,0.0,0.0,0.0,,0.0,,0.0,0.0,1597,35
0,1597,0,0.0,0.0,0.0,,0.0,,0.0,0.0,1597,40
0,1597,0,0.0,0.0,0.0,,0.0,,0.0,0.0,1597,45
0,1597,0,0.0,0.0,0.0,,0.0,,0.0,0.0,1597,50
0,1597,0,0.0,0.0,0.0,,0.0,,0.0,0.0,1597,55
0,1597,0,0.0,0.0,0.0,,0.0,,0.0,0.0,1597,60
0,1597,0,0.0,0.0,0.0,,0.0,,0.0,0.0,1597,65
0,1597,0,0.0,0.0,0.0,,0.0,,0.0,0.0,1597,70
0,1597,0,0.0,0.0,0.0,,0.0,,0.0,0.0,1597,75
0,1597,0,0.0,0.0,0.0,,0.0,,0.0,0.0,1597,80
0,1597,0,0.0,0.0,0.0,,0.0,,0.0,0.0,1597,85
0,1597,0,0.0,0.0,0.0,,0.0,,0.0,0.0,1597,90
0,1597,0,0.0,0.0,0.0,,0.0,,0.0,0.0,1597,95
