TP,FP,FN,precision,recall,F1,corr_reads_mapped,L1_f_unique_weighted_reads_mapped,corr_ave_abund,L1_average_abund_reads_mapped_div_gene_len,percent_correct_predictions,total_number_of_predictions,filter_threshold
11282,2724,26478,0.8055119234613737,0.29878177966101693,0.43588455743151866,0.19710582987085407,0.7268252521528364,0.15298264204608836,0.49620336380420205,0.8055119234613737,14006,0
4073,2724,2234,0.5992349565984993,0.6457903916283495,0.6216422466422468,0.21316110650302092,0.6110217674676277,0.15100876369065264,0.3458885354680954,0.5992349565984993,6797,5
609,2724,223,0.18271827182718273,0.7319711538461539,0.292436974789916,0.2550087073520474,0.5473511238091129,0.22387302850961918,0.291976984776426,0.18271827182718273,3333,10
101,2724,91,0.03575221238938053,0.5260416666666666,0.06695392774279085,0.13456793421917965,0.5948187714138212,0.3532040788137913,0.32344688125946996,0.03575221238938053,2825,15
15,2724,59,0.00547645125958379,0.20270270270270271,0.010664770707429789,0.6736126356957448,0.24934678596070542,0.4176359642984611,0.20686382511807544,0.00547645125958379,2739,20
7,2724,31,0.002563163676309044,0.18421052631578946,0.005055976886962802,0.9365676670169794,0.09912456968394162,0.9536265890751336,0.11462407011276106,0.002563163676309044,2731,25
4,2724,15,0.001466275659824047,0.21052631578947367,0.002912267928649436,0.9793019416087034,0.0625246353961372,0.8939936019161995,0.09413187664724762,0.001466275659824047,2728,30
3,2724,11,0.0011001100110011,0.21428571428571427,0.0021889821233126595,0.9317713443758999,0.05102040816326542,0.9928643130421476,0.09816742550524793,0.0011001100110011,2727,35
3,2724,7,0.0011001100110011,0.3,0.0021921812203142127,0.9317713443758999,0.05102040816326542,0.9928643130421476,0.09816742550524793,0.0011001100110011,2727,40
2,2724,4,0.0007336757153338225,0.3333333333333333,0.0014641288433382138,-1.0,0.06027172031844935,1.0,0.0022863392167840058,0.0007336757153338225,2726,45
2,2724,2,0.0007336757153338225,0.5,0.0014652014652014654,-1.0,0.06027172031844935,1.0,0.0022863392167840058,0.0007336757153338225,2726,50
0,2724,1,0.0,0.0,0.0,,0.0,,0.0,0.0,2724,55
0,2724,0,0.0,0.0,0.0,,0.0,,0.0,0.0,2724,60
0,2724,0,0.0,0.0,0.0,,0.0,,0.0,0.0,2724,65
0,2724,0,0.0,0.0,0.0,,0.0,,0.0,0.0,2724,70
0,2724,0,0.0,0.0,0.0,,0.0,,0.0,0.0,2724,75
0,2724,0,0.0,0.0,0.0,,0.0,,0.0,0.0,2724,80
0,2724,0,0.0,0.0,0.0,,0.0,,0.0,0.0,2724,85
0,2724,0,0.0,0.0,0.0,,0.0,,0.0,0.0,2724,90
0,2724,0,0.0,0.0,0.0,,0.0,,0.0,0.0,2724,95
