TP,FP,FN,precision,recall,F1,corr_reads_mapped,L1_f_unique_weighted_reads_mapped,corr_ave_abund,L1_average_abund_reads_mapped_div_gene_len,percent_correct_predictions,total_number_of_predictions,filter_threshold
4752,3742,29823,0.5594537320461502,0.1374403470715835,0.22066915879170634,0.18261653906153533,1.1067203960524041,0.00014345868255449785,0.8840097369794437,0.5594537320461502,8494,0
1319,3742,4276,0.2606204307449121,0.2357462019660411,0.24756006006006007,0.23853649145928166,0.9855386859387827,-0.10208045703390918,0.642841907871251,0.2606204307449121,5061,5
627,3742,906,0.14351110093842984,0.4090019569471624,0.21247034903422568,0.240305255499161,0.9732432346037557,-0.19949443700178288,0.5384706479775929,0.14351110093842984,4369,10
335,3742,362,0.082168260976208,0.4806312769010043,0.14034352744030162,0.33356006137227145,0.905896532628813,-0.25961966002386183,0.49178163374685596,0.082168260976208,4077,15
185,3742,206,0.04710975299210593,0.4731457800511509,0.0856878184344604,0.4163430008574997,0.8517214513995186,-0.29793636962485937,0.4441326715921765,0.04710975299210593,3927,20
100,3742,136,0.026028110359187923,0.423728813559322,0.04904364884747425,0.5370221344267339,0.8162137157716133,-0.40338553042951697,0.4433552995518483,0.026028110359187923,3842,25
57,3742,101,0.015003948407475652,0.36075949367088606,0.028809704321455645,0.6518876469381033,0.784257158671902,-0.4595206319182796,0.44250521832292167,0.015003948407475652,3799,30
35,3742,80,0.009266613714588298,0.30434782608695654,0.017985611510791366,0.6227653397916808,0.7625007563886708,-0.43029475107968196,0.4154678086236717,0.009266613714588298,3777,35
16,3742,59,0.004257583821181479,0.21333333333333335,0.008348552048004174,0.8329265918444931,0.7450848007045906,-0.45599021444937304,0.390629601409925,0.004257583821181479,3758,40
8,3742,46,0.0021333333333333334,0.14814814814814814,0.004206098843322819,0.9235917672679594,0.6344063474442323,-0.8260362649727864,0.41622484048796415,0.0021333333333333334,3750,45
6,3742,37,0.0016008537886872999,0.13953488372093023,0.003165391717225007,0.9256608317765138,0.5783358513226782,-0.8240254524810176,0.350868840973777,0.0016008537886872999,3748,50
3,3742,32,0.0008010680907877169,0.08571428571428572,0.0015873015873015873,0.994427216610704,0.5108307197638524,-0.8259016681432293,0.431069975456244,0.0008010680907877169,3745,55
1,3742,25,0.0002671653753673524,0.038461538461538464,0.0005306447333510215,,0.0,,0.0,0.0002671653753673524,3743,60
1,3742,16,0.0002671653753673524,0.058823529411764705,0.0005319148936170213,,0.0,,0.0,0.0002671653753673524,3743,65
1,3742,13,0.0002671653753673524,0.07142857142857142,0.0005323396326856535,,0.0,,0.0,0.0002671653753673524,3743,70
1,3742,8,0.0002671653753673524,0.1111111111111111,0.0005330490405117272,,0.0,,0.0,0.0002671653753673524,3743,75
0,3742,4,0.0,0.0,0.0,,0.0,,0.0,0.0,3742,80
0,3742,4,0.0,0.0,0.0,,0.0,,0.0,0.0,3742,85
0,3742,4,0.0,0.0,0.0,,0.0,,0.0,0.0,3742,90
0,3742,2,0.0,0.0,0.0,,0.0,,0.0,0.0,3742,95
