TP,FP,FN,precision,recall,F1,corr_reads_mapped,L1_f_unique_weighted_reads_mapped,corr_ave_abund,L1_average_abund_reads_mapped_div_gene_len,percent_correct_predictions,total_number_of_predictions,filter_threshold
4684,2619,15921,0.6413802546898535,0.22732346517835478,0.3356743586068511,0.32789998322150615,0.5849077786501543,0.28170032202175893,0.5596120596577177,0.6413802546898535,7303,0
553,2619,415,0.17433795712484237,0.5712809917355371,0.2671497584541063,0.3237134766690567,0.44999560730558347,0.3077963456649184,0.34519273353677976,0.17433795712484237,3172,5
68,2619,9,0.02530703386676591,0.8831168831168831,0.049204052098408106,0.5741246244738336,0.33039656246922633,0.5360333394643882,0.24474102344650908,0.02530703386676591,2687,10
11,2619,1,0.004182509505703422,0.9166666666666666,0.008327024981074942,0.24295681115442544,0.4340738702798811,0.5388775367041632,0.2724101274092065,0.004182509505703422,2630,15
5,2619,1,0.0019054878048780487,0.8333333333333334,0.0038022813688212923,0.810428191735828,0.507767369242677,0.3549049920173454,0.32180634838187283,0.0019054878048780487,2624,20
2,2619,0,0.0007630675314765357,1.0,0.001524971406786123,1.0,0.12184740486607465,1.0,0.49938842241085674,0.0007630675314765357,2621,25
0,2619,0,0.0,0.0,0.0,,0.0,,0.0,0.0,2619,30
0,2619,0,0.0,0.0,0.0,,0.0,,0.0,0.0,2619,35
0,2619,0,0.0,0.0,0.0,,0.0,,0.0,0.0,2619,40
0,2619,0,0.0,0.0,0.0,,0.0,,0.0,0.0,2619,45
0,2619,0,0.0,0.0,0.0,,0.0,,0.0,0.0,2619,50
0,2619,0,0.0,0.0,0.0,,0.0,,0.0,0.0,2619,55
0,2619,0,0.0,0.0,0.0,,0.0,,0.0,0.0,2619,60
0,2619,0,0.0,0.0,0.0,,0.0,,0.0,0.0,2619,65
0,2619,0,0.0,0.0,0.0,,0.0,,0.0,0.0,2619,70
0,2619,0,0.0,0.0,0.0,,0.0,,0.0,0.0,2619,75
0,2619,0,0.0,0.0,0.0,,0.0,,0.0,0.0,2619,80
0,2619,0,0.0,0.0,0.0,,0.0,,0.0,0.0,2619,85
0,2619,0,0.0,0.0,0.0,,0.0,,0.0,0.0,2619,90
0,2619,0,0.0,0.0,0.0,,0.0,,0.0,0.0,2619,95
