TP,FP,FN,precision,recall,F1,corr_reads_mapped,L1_f_unique_weighted_reads_mapped,corr_ave_abund,L1_average_abund_reads_mapped_div_gene_len,percent_correct_predictions,total_number_of_predictions,filter_threshold
10177,1393,28055,0.8796024200518583,0.2661906256539025,0.40869844584554843,0.35862380854372683,0.7241875917492658,0.3249774338699462,0.5945623192024665,0.8796024200518583,11570,0
4029,1393,2648,0.7430837329398746,0.603414707203834,0.6660054549962807,0.2752830117919627,0.6433256030691186,0.28112948764393775,0.43018662693576226,0.7430837329398746,5422,5
1452,1393,265,0.5103690685413005,0.8456610366919045,0.6365629110039457,0.3800316831054422,0.5243147284769882,0.31249524529091594,0.2825080729628174,0.5103690685413005,2845,10
586,1393,45,0.2961091460333502,0.9286846275752774,0.44904214559386973,0.3672215671421162,0.49420723966115426,0.294454971366218,0.25314503343268047,0.2961091460333502,1979,15
224,1393,13,0.13852813852813853,0.9451476793248945,0.2416396979503776,0.3662003199439706,0.4614645868315832,0.3216318318041606,0.26003470373978554,0.13852813852813853,1617,20
95,1393,4,0.06384408602150538,0.9595959595959596,0.11972274732199119,0.26691337264798237,0.4731097058777904,0.23657039095881852,0.2744243136061641,0.06384408602150538,1488,25
40,1393,2,0.027913468248429867,0.9523809523809523,0.05423728813559322,0.3730493690218099,0.4609025987972162,0.14020669939297967,0.35735395363930944,0.027913468248429867,1433,30
19,1393,1,0.013456090651558074,0.95,0.02653631284916201,0.5963721579589134,0.43504663342822536,0.7284125412386026,0.13759905154573754,0.013456090651558074,1412,35
10,1393,0,0.007127583749109052,1.0,0.014154281670205236,0.8833176924971177,0.3675338391839684,0.7695988989804682,0.07122799398820924,0.007127583749109052,1403,40
6,1393,0,0.004288777698355968,1.0,0.008540925266903913,0.8745410986932798,0.3180726648994231,0.5078907845504417,0.10921470341346358,0.004288777698355968,1399,45
4,1393,0,0.002863278453829635,1.0,0.005710206995003569,0.8120748775305489,0.15715318924031274,0.9982588786433072,0.011386788631640277,0.002863278453829635,1397,50
2,1393,0,0.0014336917562724014,1.0,0.002863278453829635,1.0,0.037054758107389785,1.0,0.016700577532742233,0.0014336917562724014,1395,55
2,1393,0,0.0014336917562724014,1.0,0.002863278453829635,1.0,0.037054758107389785,1.0,0.016700577532742233,0.0014336917562724014,1395,60
2,1393,0,0.0014336917562724014,1.0,0.002863278453829635,1.0,0.037054758107389785,1.0,0.016700577532742233,0.0014336917562724014,1395,65
2,1393,0,0.0014336917562724014,1.0,0.002863278453829635,1.0,0.037054758107389785,1.0,0.016700577532742233,0.0014336917562724014,1395,70
2,1393,0,0.0014336917562724014,1.0,0.002863278453829635,1.0,0.037054758107389785,1.0,0.016700577532742233,0.0014336917562724014,1395,75
2,1393,0,0.0014336917562724014,1.0,0.002863278453829635,1.0,0.037054758107389785,1.0,0.016700577532742233,0.0014336917562724014,1395,80
1,1393,0,0.0007173601147776184,1.0,0.0014336917562724014,,0.0,,0.0,0.0007173601147776184,1394,85
1,1393,0,0.0007173601147776184,1.0,0.0014336917562724014,,0.0,,0.0,0.0007173601147776184,1394,90
0,1393,0,0.0,0.0,0.0,,0.0,,0.0,0.0,1393,95
