TP,FP,FN,precision,recall,F1,corr_reads_mapped,L1_f_unique_weighted_reads_mapped,corr_ave_abund,L1_average_abund_reads_mapped_div_gene_len,percent_correct_predictions,total_number_of_predictions,filter_threshold
3848,2495,14091,0.6066530033107362,0.21450471040749206,0.31694259121983365,0.3302875806682312,0.562735542124174,0.18217214515342314,0.5167940635189746,0.6066530033107362,6343,0
565,2495,600,0.184640522875817,0.48497854077253216,0.26745562130177514,0.3004856777193858,0.43123209795558515,0.18095147161103917,0.35863422350277807,0.184640522875817,3060,5
30,2495,229,0.011881188118811881,0.11583011583011583,0.021551724137931036,0.4109508349729397,0.2903814004120494,0.44974770405726705,0.3142089190848185,0.011881188118811881,2525,10
3,2495,190,0.0012009607686148918,0.015544041450777202,0.002229654403567447,0.7384047186189501,0.1423719958202717,0.15902658319429844,0.2318216366883389,0.0012009607686148918,2498,15
1,2495,152,0.00040064102564102563,0.006535947712418301,0.0007550018875047187,,0.0,,0.0,0.00040064102564102563,2496,20
1,2495,126,0.00040064102564102563,0.007874015748031496,0.0007624857033930614,,0.0,,0.0,0.00040064102564102563,2496,25
0,2495,97,0.0,0.0,0.0,,0.0,,0.0,0.0,2495,30
0,2495,70,0.0,0.0,0.0,,0.0,,0.0,0.0,2495,35
0,2495,56,0.0,0.0,0.0,,0.0,,0.0,0.0,2495,40
0,2495,43,0.0,0.0,0.0,,0.0,,0.0,0.0,2495,45
0,2495,37,0.0,0.0,0.0,,0.0,,0.0,0.0,2495,50
0,2495,27,0.0,0.0,0.0,,0.0,,0.0,0.0,2495,55
0,2495,24,0.0,0.0,0.0,,0.0,,0.0,0.0,2495,60
0,2495,19,0.0,0.0,0.0,,0.0,,0.0,0.0,2495,65
0,2495,14,0.0,0.0,0.0,,0.0,,0.0,0.0,2495,70
0,2495,10,0.0,0.0,0.0,,0.0,,0.0,0.0,2495,75
0,2495,6,0.0,0.0,0.0,,0.0,,0.0,0.0,2495,80
0,2495,4,0.0,0.0,0.0,,0.0,,0.0,0.0,2495,85
0,2495,3,0.0,0.0,0.0,,0.0,,0.0,0.0,2495,90
0,2495,3,0.0,0.0,0.0,,0.0,,0.0,0.0,2495,95
