TP,FP,FN,precision,recall,F1,corr_reads_mapped,L1_f_unique_weighted_reads_mapped,corr_ave_abund,L1_average_abund_reads_mapped_div_gene_len,percent_correct_predictions,total_number_of_predictions,filter_threshold
9407,2885,23406,0.7652945004881223,0.2866851552738244,0.41711561911096323,0.37723386990873325,0.6357570844049557,0.3311341731536717,0.5222263504199149,0.7652945004881223,12292,0
4553,2885,3500,0.6121269158375907,0.5653793617285484,0.5878251888193144,0.3514024468649829,0.5416392305890806,0.31351825005157063,0.39278824970892273,0.6121269158375907,7438,5
1331,2885,328,0.3157020872865275,0.8022905364677516,0.4531063829787234,0.3317480875157679,0.46315812939806644,0.3142136025896095,0.36709736870032394,0.3157020872865275,4216,10
450,2885,53,0.13493253373313344,0.8946322067594433,0.23449713392391872,0.5781175074679773,0.3372744529871461,0.6225490525323232,0.261442562276548,0.13493253373313344,3335,15
186,2885,15,0.06056659068707262,0.9253731343283582,0.11369193154034231,0.5768029487861652,0.27709383295501955,0.5843287578436676,0.20118854760058985,0.06056659068707262,3071,20
102,2885,4,0.034147974556411116,0.9622641509433962,0.06595538312318137,0.565101690714142,0.254479281441681,0.6467313434105134,0.1908989046565374,0.034147974556411116,2987,25
54,2885,2,0.01837359646138142,0.9642857142857143,0.03606010016694491,0.4052314372855603,0.2681522407011114,0.5988207351043157,0.2099617444995581,0.01837359646138142,2939,30
34,2885,1,0.011647824597464886,0.9714285714285714,0.023019634394041977,0.1987021480503312,0.28595561672972025,0.6878044855488894,0.20870994569454593,0.011647824597464886,2919,35
24,2885,1,0.008250257820556892,0.96,0.016359918200409,-0.10260174371680235,0.308090960935256,0.7234382223804177,0.23921012774637967,0.008250257820556892,2909,40
14,2885,0,0.004829251466022766,1.0,0.009612083762444214,0.0037712780222501955,0.3000688337703117,0.7557760906582186,0.26094893544061704,0.004829251466022766,2899,45
5,2885,0,0.0017301038062283738,1.0,0.003454231433506045,-0.29632945274112726,0.3882202004455879,0.8714282161062338,0.24952165989121947,0.0017301038062283738,2890,50
2,2885,0,0.0006927606511950121,1.0,0.0013845621322256835,1.0,0.31824067587934357,1.0,0.302619507744163,0.0006927606511950121,2887,55
2,2885,0,0.0006927606511950121,1.0,0.0013845621322256835,1.0,0.31824067587934357,1.0,0.302619507744163,0.0006927606511950121,2887,60
0,2885,0,0.0,0.0,0.0,,0.0,,0.0,0.0,2885,65
0,2885,0,0.0,0.0,0.0,,0.0,,0.0,0.0,2885,70
0,2885,0,0.0,0.0,0.0,,0.0,,0.0,0.0,2885,75
0,2885,0,0.0,0.0,0.0,,0.0,,0.0,0.0,2885,80
0,2885,0,0.0,0.0,0.0,,0.0,,0.0,0.0,2885,85
0,2885,0,0.0,0.0,0.0,,0.0,,0.0,0.0,2885,90
0,2885,0,0.0,0.0,0.0,,0.0,,0.0,0.0,2885,95
